$\gamma^\mathrm{risk}$,$\gamma^\mathrm{trade}$,$\gamma^\mathrm{hold}$,Return,Risk,is_pareto
0.111285,5.87007,73.0922,34.1389,37.9441,False
0.112384,5.869669999999999,360.30699999999996,34.1928,37.9407,False
0.11381500000000001,5.83218,54.126000000000005,34.2537,37.9371,False
0.122572,5.81439,587.178,34.321999999999996,37.9332,False
0.133654,5.82963,140.736,34.2039,37.8623,False
0.1,6.0,1000.0,33.8125,37.8592,False
0.1,6.0,100.0,33.8126,37.8592,False
0.1,5.5,1000.0,35.8191,37.8556,False
0.1,5.5,100.0,35.8191,37.8556,False
0.100319,6.00536,446.186,33.7923,37.8501,False
0.10708599999999999,5.7133199999999995,92.4121,34.8962,37.8281,False
0.106175,6.0544,84.8491,33.6367,37.7534,False
0.114853,5.53279,285.002,35.7253,37.7497,False
0.100231,5.61839,123.089,35.3416,37.7496,False
0.143352,5.88615,585.104,33.9361,37.7493,False
0.114159,6.02517,363.434,33.647,37.7422,False
0.16225,5.77395,103.617,34.2808,37.7355,False
0.12285399999999999,5.68141,358.088,34.9703,37.7347,False
0.106526,5.60034,237.452,35.4295,37.7316,False
0.104753,5.95349,37.9081,34.0801,37.7295,False
0.104745,6.17022,609.873,33.3281,37.7032,False
0.145858,5.91945,939.715,33.8005,37.6948,False
0.105861,6.18446,119.036,33.3054,37.6867,False
0.157479,5.87373,87.4596,33.9194,37.6854,False
0.117975,6.06383,206.101,33.5581,37.6853,False
0.126449,5.64783,796.2589999999999,35.0745,37.681999999999995,False
0.173495,5.80768,518.5740000000001,34.0935,37.6663,False
0.12153399999999999,6.06471,840.944,33.5374,37.666,False
0.103403,6.29168,456.904,33.3664,37.6337,False
0.113822,6.203790000000001,183.74200000000002,33.2539,37.6321,False
0.143835,5.53181,96.4037,35.5885,37.624,False
0.146384,5.9806,60.0,33.4914,37.6024,False
0.144728,5.58026,209.77,35.3152,37.5877,False
0.104842,5.61918,40.0043,35.4978,37.5856,False
0.14604,6.02615,158.72799999999998,33.471,37.5653,False
0.111479,6.24753,43.1094,33.2426,37.5571,False
0.162422,5.52785,519.789,35.5017,37.5494,False
0.16875,5.50927,289.318,35.5607,37.5422,False
0.119048,6.15678,40.1324,33.3114,37.533,False
0.120397,6.231990000000001,44.873000000000005,33.1654,37.5309,False
0.132885,6.21549,156.892,33.1937,37.5268,False
0.189472,5.8627199999999995,322.735,33.792,37.5219,False
0.189675,5.72692,48.95399999999999,34.3843,37.5175,False
0.17782,5.5,100.0,35.5597,37.5124,False
0.17782,5.5,1000.0,35.5596,37.5124,False
0.13306600000000002,6.25005,173.08599999999998,33.2097,37.5021,False
0.19742200000000001,5.6888,171.90200000000002,34.4613,37.4949,False
0.216133,5.75205,335.381,34.0942,37.4843,False
0.158426,5.68349,40.1369,35.0482,37.4778,False
0.184326,5.5051,309.55400000000003,35.5021,37.4746,False
0.16459300000000002,6.0272,356.398,33.3679,37.4692,False
0.20478,5.84309,604.8380000000001,33.7932,37.4615,False
0.105074,6.36581,42.4818,33.6219,37.4593,False
0.135521,5.99466,35.37,34.0367,37.459,False
0.10293900000000002,6.4701,669.888,33.9095,37.4505,False
0.139428,6.26147,127.48,33.2375,37.4503,False
0.202531,5.81073,47.1959,33.9273,37.4452,False
0.1,6.5,1000.0,33.9266,37.4445,False
0.1,6.5,100.0,33.9267,37.4445,False
0.15058,6.20777,928.4069999999999,33.144,37.4381,False
0.11288499999999999,5.65535,31.6519,36.4063,37.4356,False
0.226981,5.71655,229.791,34.1584,37.4325,False
0.17782,6.0,1000.0,33.3675,37.4183,False
0.17782,6.0,100.0,33.3676,37.4183,False
0.129133,6.26693,39.8761,33.3502,37.4016,False
0.11528,6.4377,482.213,33.8457,37.4008,False
0.124203,6.38264,697.572,33.7418,37.3946,False
0.22806700000000002,5.79407,224.50400000000002,33.866,37.3876,False
0.17902,6.05708,361.84,33.193000000000005,37.3718,False
0.21729,5.58831,164.678,34.7897,37.3439,False
0.190359,6.02603,290.60900000000004,33.2336,37.3409,False
0.117248,6.512569999999999,204.44099999999997,33.8288,37.3388,False
0.24388800000000002,5.75815,790.122,33.9475,37.332,False
0.22228,5.59499,74.4471,34.736999999999995,37.3262,False
0.130874,6.12169,30.9763,34.4597,37.3138,False
0.10666300000000001,6.49831,38.3705,33.8332,37.306999999999995,False
0.19123099999999998,5.69334,35.1147,35.4544,37.3017,False
0.132191,6.48869,162.666,33.7752,37.2782,False
0.13685,6.46457,820.492,33.748000000000005,37.2748,False
0.23572600000000002,5.85839,96.3488,33.5871,37.2707,False
0.186797,6.1509,299.888,33.0258,37.2702,False
0.13651,6.47468,85.6515,33.7486,37.2668,False
0.201851,6.05694,57.8737,32.9848,37.2528,False
0.256368,5.75966,65.4585,33.8843,37.2526,False
0.203433,6.07292,414.765,32.9883,37.245,False
0.14395,5.68027,28.6009,36.5689,37.2417,False
0.108652,6.44466,30.9936,34.648,37.2253,False
0.245821,5.85389,67.263,33.5122,37.215,False
0.236429,5.900869999999999,321.972,33.4148,37.2126,False
0.251612,5.52831,157.451,34.8671,37.2049,False
0.162625,6.35618,888.074,33.5572,37.2024,False
0.236249,5.9141699999999995,240.981,33.3595,37.198,False
0.137882,6.43509,38.4289,33.7522,37.1896,False
0.145511,6.51116,224.488,33.6435,37.189,False
0.142811,6.19131,30.2967,34.4063,37.1887,False
0.26256,5.57189,780.0980000000001,34.5591,37.1856,False
0.10620399999999999,6.49506,30.3306,34.5876,37.1836,False
0.28270700000000004,5.66474,897.9060000000001,34.1128,37.1739,False
0.127871,6.49104,35.8464,34.0009,37.1726,False
0.21470999999999998,6.1037099999999995,235.783,32.9368,37.1548,False
0.150606,6.51121,584.5930000000001,33.5892,37.1545,False
0.185698,5.70216,29.0455,36.3308,37.1505,False
0.180988,6.30399,671.747,33.4147,37.141999999999996,False
0.22329899999999997,6.08948,70.8744,32.8625,37.1232,False
0.278605,5.80233,500.69599999999997,33.5782,37.1042,False
0.23195900000000003,5.9227,40.2604,33.4572,37.082,False
0.242552,5.800269999999999,34.6979,34.8075,37.0653,False
0.23559499999999997,5.91814,39.8654,33.4959,37.0615,False
0.209802,6.25294,560.76,33.2264,37.0399,False
0.273863,5.75939,40.2261,34.0671,37.0247,False
0.302667,5.50409,83.7439,34.6936,37.0243,False
0.216927,6.2386099999999995,284.144,33.1779,37.0196,False
0.18146900000000002,5.53571,26.5688,37.5261,36.9926,True
0.31624,5.5,1000.0,34.6245,36.9791,False
0.31624,5.5,100.0,34.6249,36.9791,False
0.17782,6.5,1000.0,33.3662,36.9786,False
0.17782,6.5,100.0,33.3664,36.9786,False
0.203842,6.40146,411.721,33.3964,36.9634,False
0.265729,5.85224,39.1825,33.7907,36.9598,False
0.340305,5.63905,437.785,33.9595,36.9568,False
0.257375,6.0980099999999995,108.811,32.8124,36.942,False
0.116176,5.84526,22.328000000000003,36.224000000000004,36.9404,False
0.22358499999999998,6.274769999999999,235.998,33.2855,36.9391,False
0.201519,6.44994,453.216,33.3566,36.9329,False
0.335909,5.67781,753.539,33.8671,36.9304,False
0.122386,6.632110000000001,694.212,33.2646,36.9288,False
0.206604,6.40635,49.3156,33.2172,36.9162,False
0.35228000000000004,5.58202,395.293,34.0814,36.9053,False
0.28214,5.75131,35.0954,34.8604,36.9024,False
0.221827,5.593319999999999,28.8161,36.7728,36.8963,False
0.226167,6.35271,491.246,33.3059,36.8797,False
0.22839299999999998,6.35235,269.783,33.2926,36.8689,False
0.171556,6.54577,231.479,33.1977,36.8682,False
0.26314099999999996,6.165109999999999,870.36,32.9215,36.8342,False
0.30055,5.98021,449.221,32.7545,36.8301,False
0.129866,5.73535,22.9617,36.578,36.8278,False
0.169969,6.34376,28.078000000000003,34.6362,36.8145,False
0.238521,6.36219,151.571,33.224000000000004,36.8109,False
0.242371,6.33237,181.951,33.238,36.8088,False
0.20593000000000003,6.42965,35.6752,33.8909,36.7929,False
0.31340100000000004,5.94036,64.5695,32.8083,36.7824,False
0.24877800000000003,6.36107,242.60299999999998,33.1654,36.7558,False
0.317479,5.98853,424.004,32.6844,36.741,False
0.31624,6.0,100.0,32.6754,36.7346,False
0.31624,6.0,1000.0,32.6751,36.7346,False
0.25690799999999997,6.33889,781.025,33.1515,36.7338,False
0.238488,6.14524,31.9284,34.12,36.732,False
0.16951,6.5766100000000005,585.8580000000001,33.1509,36.7317,False
0.162435,6.48265,27.0344,34.3724,36.7261,False
0.382201,5.67866,111.935,33.6443,36.7192,False
0.197498,6.25919,28.4473,34.5817,36.7161,False
0.197235,5.99397,24.5116,35.1282,36.7033,False
0.17183299999999999,6.578810000000001,453.61300000000006,33.1368,36.6979,False
0.412498,5.50889,115.44200000000001,34.2176,36.68,False
0.14072300000000001,6.3830800000000005,23.2314,34.4654,36.6676,False
0.194798,6.5393,100.337,33.1261,36.6655,False
0.421005,5.52018,246.92700000000002,34.12,36.6602,False
0.127501,6.683489999999999,826.582,33.1162,36.6493,False
0.122432,6.610530000000001,26.4007,33.9277,36.6253,False
0.245626,6.44289,838.203,33.1139,36.6081,False
0.281483,6.33447,79.3762,33.0198,36.6054,False
0.185806,6.53892,33.2854,33.7296,36.5763,False
0.11672300000000001,6.72813,382.63199999999995,33.0229,36.5569,False
0.175077,6.10882,22.3865,34.6268,36.5481,False
0.185696,6.58772,263.78,33.0249,36.5373,False
0.179239,6.60233,226.951,33.0086,36.5353,False
0.42745900000000003,5.66591,126.535,33.5094,36.5305,False
0.32879400000000003,6.1212599999999995,401.00199999999995,32.8297,36.5275,False
0.186257,6.589810000000001,480.832,33.0151,36.5231,False
0.113988,5.766290000000001,20.6864,36.5175,36.5002,False
0.307386,6.30773,705.706,32.9892,36.4813,False
0.127729,6.7234,393.13599999999997,32.98,36.4567,False
0.372235,5.99995,224.882,32.6183,36.4497,False
0.28332199999999996,5.520580000000001,25.2638,36.9277,36.4459,True
0.451114,5.62869,55.263999999999996,33.6043,36.4337,False
0.361327,5.90072,38.5643,33.3488,36.4295,False
0.161838,6.6631800000000005,431.309,32.9706,36.3966,False
0.14141900000000002,6.67655,33.7392,33.5313,36.3931,False
0.361223,6.10086,154.236,32.82,36.385999999999996,False
0.131715,6.72958,66.2552,32.8676,36.3766,False
0.178154,6.63432,212.113,32.9293,36.3727,False
0.34958,6.17364,503.944,32.9743,36.3692,False
0.130947,6.7344,239.342,32.9387,36.3633,False
0.211011,6.574260000000001,210.291,32.9378,36.3407,False
0.106268,6.7942,71.9133,33.0688,36.3348,False
0.20111300000000001,6.358230000000001,22.9538,34.1575,36.3078,False
0.363754,6.16062,59.7125,32.9079,36.3073,False
0.146611,6.5545800000000005,22.9862,33.8527,36.3037,False
0.128682,6.755,939.9630000000001,32.9052,36.2833,False
0.452064,5.813269999999999,514.404,32.9368,36.2407,False
0.121893,6.78138,101.494,32.9733,36.2286,False
0.400753,6.07443,271.476,32.8252,36.214,False
0.160563,6.43424,20.8377,33.8989,36.2114,False
0.459701,5.8190599999999995,303.55,32.8846,36.2025,False
0.529399,5.57945,914.2810000000001,33.3982,36.1777,False
0.10449000000000001,6.825589999999999,102.59899999999999,33.1527,36.1769,False
0.1655,6.69762,63.345,32.8053,36.1727,False
0.414303,6.05915,135.428,32.8001,36.1624,False
0.12390899999999999,6.7903899999999995,91.4016,32.9734,36.1569,False
0.435667,5.9829,156.63299999999998,32.6384,36.1446,False
0.562,5.5,1000.0,33.505,36.1372,False
0.562,5.5,100.0,33.506,36.1372,False
0.393529,6.19131,406.26599999999996,32.9343,36.115,False
0.564628,5.52388,263.82099999999997,33.4235,36.097,False
0.510662,5.74,344.69300000000004,33.0134,36.0702,False
0.109741,6.78908,27.4764,33.8519,36.0561,False
0.529284,5.69557,536.64,33.0875,36.04,False
0.341015,6.3721,140.743,33.0226,35.9951,False
0.27868000000000004,6.10427,22.7621,33.7643,35.9565,False
0.466703,6.007000000000001,399.176,32.7093,35.948,False
0.275733,6.52029,365.38599999999997,32.7967,35.9274,False
0.133993,6.81728,418.085,32.933,35.8896,False
0.11873900000000001,6.858789999999999,301.95799999999997,33.0839,35.8781,False
0.42297299999999993,5.83479,28.4011,34.5838,35.8511,False
0.456427,6.1142900000000004,78.5898,32.9167,35.841,False
0.33709,6.4164900000000005,348.601,32.9767,35.8002,False
0.140747,6.8258600000000005,111.416,32.9069,35.7979,False
0.127376,6.8621,527.212,32.9992,35.7862,False
0.599416,5.6144,45.6827,33.4362,35.7498,False
0.26254,6.046119999999999,20.7573,34.0416,35.7419,False
0.312015,5.91899,21.6227,34.0754,35.7344,False
0.5037659999999999,6.00448,280.10400000000004,32.8269,35.7303,False
0.267121,6.5758,378.994,32.6701,35.7289,False
0.671366,5.51808,828.255,33.2069,35.6555,False
0.552189,5.89407,906.8589999999999,32.801,35.6537,False
0.17102799999999999,6.79317,362.725,32.7265,35.6403,False
0.152531,6.8409,384.601,32.8107,35.6349,False
0.151042,6.843319999999999,59.4808,32.7938,35.6318,False
0.17288499999999998,5.956,17.8442,35.0894,35.6243,False
0.31624,6.5,1000.0,32.9673,35.6203,False
0.31624,6.5,100.0,32.9677,35.6203,False
0.11797,5.8814400000000004,17.2202,35.92,35.6092,False
0.1,7.0,1000.0,33.0564,35.5837,False
0.1,7.0,100.0,33.0565,35.5837,False
0.502472,6.01892,39.8873,33.4143,35.5819,False
0.116728,6.9572199999999995,131.816,32.9755,35.5626,False
0.169043,6.84691,82.8428,32.8112,35.468,False
0.17419,6.78578,32.0827,33.3447,35.4568,False
0.134225,6.95087,992.2869999999999,32.885,35.4276,False
0.101887,7.054989999999999,167.67700000000002,32.9029,35.4101,False
0.375703,6.4203,282.11400000000003,33.2247,35.4074,False
0.324264,6.49648,36.2629,33.4083,35.3951,False
0.148005,5.67109,17.4679,36.0313,35.3767,False
0.637564,5.7881,54.5495,33.144,35.3722,False
0.5495140000000001,5.90129,33.9468,33.8993,35.3591,False
0.236952,6.639139999999999,28.7339,33.4685,35.356,False
0.519458,6.11733,538.5980000000001,33.3762,35.3532,False
0.562,6.0,100.0,33.2062,35.3428,False
0.562,6.0,1000.0,33.205,35.3428,False
0.296396,6.44153,23.6846,33.3021,35.3103,False
0.321588,6.15179,20.8934,33.3341,35.2897,False
0.130025,7.01363,154.916,32.9322,35.2887,False
0.325936,6.54263,453.635,33.0442,35.2886,False
0.28425900000000004,6.0389800000000005,19.4318,33.9642,35.2879,False
0.172333,6.91482,99.3914,32.8675,35.213,False
0.384777,6.4374400000000005,198.218,33.2481,35.1895,False
0.137293,6.96983,30.5149,33.3669,35.1763,False
0.7363930000000001,5.645230000000001,785.821,33.1355,35.1673,False
0.184118,6.817060000000001,28.8613,33.3928,35.1606,False
0.153044,6.99441,773.64,32.8926,35.1437,False
0.573677,6.03759,450.55300000000005,33.3633,35.1313,False
0.270183,6.6843699999999995,613.485,32.946999999999996,35.1301,False
0.353166,6.5146,284.018,33.1039,35.1195,False
0.194948,6.87648,60.3361,32.7685,35.1135,False
0.5606869999999999,5.92201,30.924,33.819,35.1044,False
0.679365,5.778490000000001,78.8398,33.3267,35.0985,False
0.18313,6.92397,245.449,32.8544,35.0675,False
0.188026,6.91075,124.155,32.8396,35.0633,False
0.46085600000000004,6.00661,23.7925,32.9377,35.0614,False
0.276712,6.68947,257.265,32.9814,35.0351,False
0.267679,6.7007699999999994,47.0834,32.9354,35.0246,False
0.255814,6.74672,463.166,32.9571,34.991,False
0.294637,5.5031300000000005,18.7041,36.1551,34.9795,False
0.455481,6.32353,77.7023,33.4448,34.979,False
0.15012799999999998,7.059489999999999,671.296,32.9251,34.9738,False
0.12609700000000001,7.13714,46.9254,32.9496,34.9639,False
0.126304,7.14767,101.196,33.0532,34.9627,False
0.303791,6.643210000000001,380.235,32.9862,34.9575,False
0.633464,5.95717,113.295,33.5223,34.8824,False
0.18809,6.963089999999999,62.42100000000001,32.8357,34.8674,False
0.17782,7.0,1000.0,32.883,34.8616,False
0.17782,7.0,100.0,32.8831,34.8616,False
0.150308,7.11119,66.0879,32.9165,34.8242,False
0.41138,6.42623,41.986000000000004,33.4047,34.79,False
0.143429,7.1384,387.075,32.9929,34.7725,False
0.436475,5.65669,20.6136,34.1048,34.7715,False
0.17281400000000002,7.052910000000001,223.93400000000003,32.8625,34.7571,False
0.596363,6.05962,47.0368,33.6725,34.7564,False
0.127915,7.1521,34.0605,33.3044,34.7549,False
0.49863599999999997,6.27284,68.0976,33.4772,34.7419,False
0.146445,7.112089999999999,33.4983,33.3226,34.7284,False
0.226723,6.8891800000000005,136.192,32.7727,34.7255,False
0.483979,5.78032,21.4603,33.3912,34.6958,False
0.26547,6.72725,28.6975,33.2663,34.6632,False
0.14469400000000002,7.11021,26.8854,33.5838,34.6425,False
0.6334,5.5237300000000005,24.1185,33.418,34.635999999999996,False
0.27876100000000004,6.77245,74.0546,32.8746,34.6271,False
0.410366,6.4884699999999995,311.522,33.1006,34.5899,False
0.564717,6.173690000000001,230.287,33.5317,34.564,False
0.284731,6.777419999999999,787.757,32.8998,34.5448,False
0.15092,7.019139999999999,22.3837,33.4622,34.5202,False
0.190133,7.0773600000000005,62.4844,32.7394,34.4856,False
0.322262,6.70595,144.654,32.9128,34.4558,False
0.16025599999999998,7.149610000000001,354.659,32.9092,34.4415,False
0.407869,6.51328,55.1855,33.0654,34.4341,False
0.607118,6.1123199999999995,139.57,33.5654,34.4288,False
0.195359,6.63855,17.3421,32.5887,34.4179,False
0.571577,6.18496,323.599,33.4812,34.4104,False
0.25469899999999995,6.89548,72.2344,32.7094,34.4038,False
0.229946,6.97485,550.698,32.6974,34.3994,False
0.217311,6.09259,15.4927,33.9291,34.395,False
0.41123999999999994,5.62146,19.1583,34.3133,34.3819,False
0.11723499999999999,7.24343,42.636,33.0087,34.3525,False
0.282045,6.835369999999999,174.93200000000002,32.7921,34.3437,False
0.19960799999999998,6.85354,21.2571,33.0934,34.3395,False
0.303807,6.781210000000001,275.94599999999997,32.8161,34.3331,False
0.155559,6.76847,17.1596,33.1165,34.3206,False
0.759261,5.72883,34.6046,33.9073,34.32,False
0.8500479999999999,5.6249400000000005,60.5808,33.2135,34.2895,False
0.189724,6.9764800000000005,22.8173,33.251999999999995,34.2601,False
0.134011,7.17851,24.4689,33.7144,34.246,False
0.10523699999999998,7.29735,73.1695,33.0774,34.24,False
0.298773,6.47807,18.3716,32.4472,34.24,False
0.10398699999999998,6.08464,13.618,34.8361,34.2226,False
0.229846,7.03055,148.983,32.6276,34.2225,False
0.21332600000000002,6.03083,15.1087,34.1634,34.2108,False
0.22716,6.943219999999999,26.6058,33.321999999999996,34.2104,False
0.8796379999999999,5.59014,62.8147,33.1104,34.1987,False
0.283884,6.86366,50.0084,32.6935,34.1833,False
0.863118,5.64061,893.467,33.2126,34.1584,False
0.246052,7.00497,274.527,32.5528,34.1561,False
0.11926600000000001,7.282310000000001,218.873,33.0922,34.1371,False
0.10281900000000001,7.31981,421.10900000000004,33.0591,34.1276,False
0.437166,6.51233,284.093,32.9861,34.1205,False
0.87376,5.62909,137.376,33.1879,34.1199,False
0.351618,6.690639999999999,42.0844,32.899,34.1118,False
0.512413,6.35381,91.4746,33.1845,34.0979,False
0.408099,6.5817,57.6065,32.9147,34.0874,False
0.477705,6.4270000000000005,72.8421,33.0798,34.0864,False
0.366741,6.68767,294.14599999999996,32.766,34.064,False
0.42081599999999997,6.5355,40.4839,33.2134,34.063,False
0.946775,5.50194,601.7080000000001,32.8214,34.0518,False
0.634225,6.12403,221.77700000000002,33.4275,34.0401,False
0.114488,7.3080300000000005,734.4639999999999,33.0897,34.0369,False
0.853756,5.69258,61.8758,33.4518,34.031,False
0.201349,7.121569999999999,226.91,32.6976,34.0278,False
0.869589,5.66929,85.6326,33.3298,34.0139,False
0.186278,7.15723,104.441,32.7515,34.0068,False
0.204942,7.119260000000001,807.62,32.6793,33.9903,False
0.33150599999999997,6.80023,456.87800000000004,32.6105,33.972,False
0.144716,7.26058,667.3,32.9942,33.9083,False
0.602861,6.210430000000001,157.711,33.228,33.9078,False
0.247469,7.0397,874.497,32.4951,33.9018,False
0.52185,6.34465,40.0211,33.4346,33.8774,False
0.879381,5.69793,159.485,33.4227,33.8408,False
0.32476900000000003,6.8558699999999995,905.55,32.4899,33.8407,False
0.30289299999999997,6.92165,635.619,32.4244,33.8375,False
0.128709,7.0522800000000005,16.4006,33.1495,33.783,False
0.10130800000000001,5.51627,14.2262,36.2869,33.7587,True
0.21991,7.09235,32.6642,33.0309,33.7498,False
0.368774,6.689839999999999,30.4178,33.1545,33.7334,False
0.16465,7.24344,288.822,32.8176,33.7297,False
0.10380199999999999,6.45306,12.6543,32.9663,33.7178,False
0.280606,6.3629999999999995,15.3263,31.9861,33.6825,False
1.0,5.5,1000.0,32.8877,33.6783,False
1.0,5.5,100.0,32.8892,33.6782,False
0.221619,7.120010000000001,45.5983,32.5262,33.6735,False
0.156381,7.27503,138.17700000000002,32.8662,33.6372,False
0.19118,7.20556,79.1601,32.6429,33.6026,False
0.141849,6.764139999999999,14.0246,32.6672,33.584,False
0.874244,5.61187,28.7902,32.2465,33.5675,False
0.143799,6.21833,12.752,33.6751,33.5544,False
0.102018,7.4081399999999995,522.706,33.086,33.5394,False
0.751471,5.68466,22.5296,32.0298,33.4646,False
0.158389,7.30098,67.8168,32.8083,33.4172,False
0.29984299999999997,6.9991699999999994,420.611,32.1236,33.4074,False
0.8899729999999999,5.77546,144.12,33.5001,33.3934,False
0.22428299999999998,7.080939999999999,23.1545,32.9627,33.3759,False
0.182943,6.85182,15.5273,32.5336,33.3737,False
0.246466,7.04622,23.8503,32.8827,33.3349,False
0.195749,7.2340800000000005,846.6039999999999,32.5307,33.3239,False
0.120546,7.3976,565.225,32.9872,33.3207,False
0.290059,7.03101,58.1398,32.1237,33.3067,False
0.16438699999999998,7.30435,128.667,32.7281,33.3003,False
0.475077,6.58708,128.342,32.5421,33.2984,False
0.577825,6.35797,986.041,32.9818,33.2886,False
0.557212,5.96161,18.4946,31.5705,33.2866,False
0.32558899999999996,6.847739999999999,24.1483,32.3531,33.2849,False
0.41067600000000004,6.7706100000000005,80.1491,32.264,33.2266,False
0.817866,5.9152,51.7527,33.709,33.2223,False
0.269592,7.06675,35.3221,32.6047,33.2126,False
0.342597,6.94486,265.33299999999997,32.0914,33.1661,False
0.31624,7.0,1000.0,32.0355,33.1521,False
0.31624,7.0,100.0,32.0361,33.152,False
0.287893,7.05995,561.0409999999999,32.0948,33.1452,False
0.455288,6.04079,16.4671,31.7977,33.1419,False
0.132405,7.39825,582.219,32.9114,33.1303,False
0.12724100000000002,7.41155,101.439,32.9189,33.117,False
0.286263,6.871810000000001,18.9818,32.0365,33.0873,False
0.49810200000000004,6.560789999999999,44.9877,32.5737,33.0824,False
0.696712,6.156280000000001,57.9271,33.1645,33.0653,False
0.46896099999999996,6.654160000000001,90.0812,32.3388,33.0522,False
0.178278,7.31314,98.7681,32.5518,33.0241,False
0.18266500000000002,6.91355,14.6922,32.2689,33.0143,False
0.420343,6.78855,47.0501,32.1575,33.0083,False
0.703978,6.13371,42.4355,33.5732,32.9974,False
1.0024,5.65476,400.42,33.1173,32.9843,False
0.188701,6.704610000000001,13.4058,32.133,32.9791,False
0.569616,6.4408900000000004,258.20799999999997,32.6462,32.9502,False
0.35469,6.5908,17.6632,31.7139,32.9339,False
0.120501,6.2255199999999995,11.6238,33.9109,32.9228,False
0.1,7.5,100.0,32.8762,32.9157,False
0.1,7.5,1000.0,32.8762,32.9157,False
0.198425,7.1539399999999995,19.4258,32.7112,32.9131,False
0.11048,6.83522,11.6406,32.5588,32.8626,False
0.36178899999999997,6.9492199999999995,349.06800000000004,31.9488,32.8584,False
0.617212,6.36006,592.614,32.6901,32.8366,False
0.642929,6.309130000000001,71.0735,32.7277,32.8296,False
0.7109409999999999,6.17472,82.939,32.9318,32.8227,False
0.785327,6.04986,321.534,33.3781,32.7903,False
0.303081,7.0791,433.13,31.8622,32.7837,False
0.358085,6.78125,20.3489,31.7774,32.7601,False
0.26004,7.17121,48.6796,32.0031,32.7518,False
0.562,6.5,1000.0,32.3867,32.7462,False
0.562,6.5,100.0,32.3861,32.7462,False
0.304169,7.07925,54.6084,31.8378,32.7435,False
0.14313800000000002,7.43146,288.515,32.6559,32.7351,False
0.68825,6.24822,123.774,32.7601,32.6786,False
0.16831300000000002,7.3865,750.3639999999999,32.4202,32.6633,False
0.7079479999999999,6.21729,427.185,32.7685,32.6322,False
0.17140899999999998,6.089169999999999,12.0301,34.051,32.6025,False
0.11694,7.47777,28.6117,32.9982,32.6023,False
0.223129,6.663069999999999,13.0391,31.6397,32.5604,False
0.6145729999999999,6.21623,21.7156,31.5379,32.5445,False
0.268934,7.1912899999999995,449.44300000000004,31.7448,32.5256,False
0.28839000000000004,6.2868699999999995,13.1683,31.8027,32.5122,False
0.248981,7.21172,34.0276,32.4098,32.5115,False
0.12346800000000001,7.50775,918.091,32.4783,32.5045,False
0.133718,7.48583,190.335,32.464,32.5014,False
0.228696,7.28293,790.163,31.8677,32.4896,False
0.14086300000000002,6.17991,11.3257,33.6557,32.4343,False
0.641548,6.38933,380.93699999999995,32.3672,32.4186,False
0.8474149999999999,6.00352,320.025,33.3604,32.4133,False
0.467851,6.80075,868.9010000000001,31.686999999999998,32.4097,False
0.43169399999999997,6.72589,21.8785,31.5366,32.3743,False
0.5022310000000001,6.708989999999999,38.5765,32.0762,32.3671,False
0.613729,6.474819999999999,79.7746,32.1194,32.2977,False
0.680874,6.336040000000001,796.502,32.3618,32.2831,False
0.279685,7.205260000000001,393.142,31.5076,32.2772,False
0.486918,6.77694,47.7999,31.5504,32.253,False
1.1245,5.54862,44.5799,32.8588,32.2515,False
0.15016,7.20443,14.5568,32.3906,32.2379,False
0.454629,6.617960000000001,19.4524,31.1814,32.2171,False
0.148506,7.4962800000000005,78.8459,32.1763,32.2134,False
0.661594,6.3922300000000005,454.62,32.2098,32.1956,False
0.246152,7.2038,22.8205,32.33,32.1889,False
0.31269600000000003,5.56835,14.0919,35.3195,32.1854,False
0.120393,5.91608,11.4866,35.0748,32.1629,False
0.543932,6.0658900000000004,16.214000000000002,30.7908,32.1628,False
0.377436,7.0205,193.377,31.4312,32.1445,False
0.172041,7.45591,59.0266,31.956999999999997,32.1417,False
0.390133,6.99887,988.5269999999999,31.4205,32.1167,False
0.465742,6.83908,46.9258,31.4406,32.116,False
0.76572,6.1982,97.1133,32.5843,32.1119,False
0.45881000000000005,6.6461,19.6031,31.0886,32.0738,False
0.71454,6.30905,467.07199999999995,32.283,32.0734,False
0.278526,7.24005,536.981,31.3482,32.0674,False
0.589882,6.58815,164.903,31.6891,32.0581,False
0.635262,6.47803,99.9744,31.9599,32.0542,False
0.397646,5.83064,14.2054,33.1536,32.0409,False
0.585692,6.61072,201.86599999999999,31.598000000000003,32.0074,False
0.486026,6.8280899999999995,292.57,31.3908,31.9765,False
0.119095,7.602710000000001,541.991,32.2777,31.9689,False
0.605811,5.54356,16.6932,33.2001,31.9602,False
0.14465999999999998,7.55693,260.244,32.2662,31.9169,False
0.277539,7.2688,761.914,31.3233,31.910999999999998,False
0.478548,6.8546,111.22,31.3297,31.8992,False
0.497583,5.55294,15.5038,34.1257,31.8919,False
0.7727510000000001,6.22679,259.823,32.354,31.8892,False
0.288166,7.247999999999999,46.847,31.25,31.8466,False
0.1397,7.58213,993.654,32.2608,31.8341,False
0.1,6.5,10.0,31.8639,31.8337,False
0.17782,7.5,1000.0,32.0193,31.8284,False
0.17782,7.5,100.0,32.0196,31.8284,False
0.319825,7.196330000000001,472.21,31.194000000000003,31.793000000000003,False
0.819937,6.162319999999999,111.706,32.6426,31.7614,False
0.376249,5.58764,14.0447,34.7332,31.7107,False
0.196352,7.4760100000000005,52.4664,31.7356,31.7096,False
0.133197,7.59872,32.9386,32.3958,31.6843,False
0.1,7.0,10.0,31.5353,31.6607,False
0.842195,6.14155,182.015,32.7099,31.6576,False
0.52056,6.34351,16.3379,30.3722,31.6514,False
0.569871,6.21002,16.2751,30.2628,31.6153,False
0.754776,6.3191,71.1299,32.041,31.6079,False
0.485529,6.2804199999999994,14.6802,30.5154,31.6013,False
0.141541,7.621860000000001,63.4626,32.0285,31.561,False
0.10828199999999999,7.694380000000001,346.74,32.0938,31.5546,False
0.166107,7.573160000000001,443.395,31.8541,31.5363,False
0.5473899999999999,6.77387,133.314,31.0962,31.526999999999997,False
0.268156,7.35582,98.3936,31.249000000000002,31.5198,False
1.1563,5.648280000000001,632.854,32.1756,31.5141,False
0.27360500000000004,7.34553,913.683,31.2217,31.511999999999997,False
0.225841,7.44057,45.2332,31.4108,31.4991,False
0.682484,6.4993,96.0548,31.6076,31.4897,False
0.555197,6.76443,761.653,31.0732,31.4871,False
0.30174,7.23769,27.0739,31.7762,31.4768,False
0.102325,7.72055,232.047,32.0379,31.4706,False
0.116771,7.69075,282.236,31.998,31.4658,False
0.431409,5.7615300000000005,13.9525,33.2186,31.4507,False
0.383185,6.20027,12.6834,31.3392,31.44,False
0.439299,7.00652,212.426,30.9402,31.4264,False
0.579928,6.72837,196.771,31.0466,31.3994,False
0.147154,7.63967,62.8184,31.8579,31.3785,False
0.200878,5.54875,12.1341,35.5713,31.3777,True
0.39046,7.119489999999999,275.938,30.8467,31.3437,False
0.155299,7.63408,483.519,31.7854,31.3157,False
0.188001,7.54805,37.4512,31.609,31.3019,False
0.216245,7.507389999999999,554.241,31.2929,31.2801,False
0.9595610000000001,6.01976,220.854,32.8325,31.1922,False
0.343459,7.25006,761.69,30.8196,31.1845,False
0.24024,7.47052,48.2013,31.0241,31.1571,False
1.1619899999999999,5.69989,192.726,32.0223,31.1509,False
0.333248,6.15698,11.6707,31.5231,31.1507,False
0.550357,6.8339300000000005,216.47099999999998,30.838,31.1257,False
0.124226,6.38358,9.48808,31.5427,31.1205,False
0.1,6.0,10.0,33.8337,31.1204,False
0.133487,7.703810000000001,37.14,31.7559,31.095,False
0.39475,7.15459,101.432,30.6552,31.0781,False
0.8585020000000001,6.2205699999999995,81.2092,32.2793,31.0596,False
0.236224,7.34161,18.8408,31.4118,31.0533,False
0.373582,7.20988,96.5936,30.655,31.0262,False
0.17782,6.5,10.0,30.7637,31.0186,False
0.454427,5.78552,13.5314,32.7098,31.0185,False
0.835784,5.8238900000000005,17.8621,29.8979,31.0055,False
0.153204,7.701039999999999,239.44400000000002,31.575,30.9547,False
0.408992,6.791939999999999,14.901,29.8148,30.9376,False
1.0,6.0,1000.0,32.5165,30.9355,False
1.0,6.0,100.0,32.5158,30.9354,False
0.21238200000000002,7.57879,226.37599999999998,31.1493,30.9281,False
0.136417,7.74182,85.9871,31.6163,30.9248,False
0.8739979999999999,5.9185300000000005,19.7543,30.1649,30.8985,False
0.100781,7.25407,9.52639,30.3531,30.8681,False
1.00071,6.01116,102.39,32.4519,30.8661,False
0.597202,6.787439999999999,848.965,30.7661,30.8279,False
0.643426,6.694939999999999,709.2360000000001,30.8898,30.8268,False
0.179618,7.637589999999999,28.7647,31.7701,30.8105,False
0.160822,7.698930000000001,40.7948,31.418000000000003,30.8033,False
0.132159,7.78218,100.374,31.5478,30.7446,False
0.161072,7.7216,398.87300000000005,31.4405,30.7418,False
0.10952,7.8328,313.526,31.5889,30.7285,False
0.17782,7.0,10.0,29.9511,30.7022,False
0.236458,7.566910000000001,278.55,30.9481,30.7017,False
1.09825,5.8859,466.699,31.9417,30.7016,False
0.150063,7.75375,947.097,31.4879,30.6915,False
0.145386,7.767010000000001,386.091,31.4913,30.6724,False
0.459722,7.08662,51.4131,30.3531,30.6653,False
0.10000099999999999,5.93326,9.68522,33.8739,30.635,False
0.39467199999999997,7.22612,49.3339,30.3484,30.6328,False
0.676426,6.6623600000000005,66.5047,30.8508,30.6236,False
1.08992,5.917009999999999,570.5740000000001,31.9502,30.6067,False
0.335556,6.8648,12.3162,29.454,30.6014,False
1.30555,5.57377,113.926,31.1151,30.5876,False
0.392869,7.247310000000001,153.136,30.3146,30.5785,False
0.568257,6.8910800000000005,123.686,30.5647,30.5696,False
0.612574,6.7917,48.2115,30.6217,30.5649,False
0.963527,6.11665,47.022,32.3307,30.5553,False
0.23622100000000001,7.59474,900.038,30.9016,30.5506,False
0.41135900000000003,7.10111,22.041,30.2019,30.4702,False
0.126356,7.84377,192.52900000000002,31.4425,30.4664,False
0.7412920000000001,6.5646,50.0784,31.0299,30.434,False
0.7890739999999999,6.48217,55.5013,31.2166,30.4247,False
0.184625,6.554710000000001,9.42463,29.9794,30.4148,False
0.17782,6.0,10.0,32.9566,30.4065,False
0.483279,7.09525,214.65599999999998,30.3055,30.366999999999997,False
0.532644,6.34359,13.4628,29.4515,30.3643,False
0.24592199999999997,6.133319999999999,10.1475,31.7359,30.34,False
0.405656,7.24034,33.9956,30.666999999999998,30.2796,False
0.181524,7.76435,193.145,31.1391,30.2605,False
0.11431500000000001,7.9062399999999995,735.456,31.3458,30.2575,False
0.703175,6.67812,396.11300000000006,30.7516,30.2357,False
0.315328,7.484889999999999,230.47,30.3968,30.1999,False
0.8592190000000001,6.3999,972.212,31.2206,30.1794,False
0.9527610000000001,6.2283599999999995,59.8661,31.5075,30.1698,False
0.15479400000000001,7.83736,569.746,31.2561,30.1697,False
0.173415,7.7113,21.2064,31.5298,30.1653,False
0.512016,7.0734699999999995,151.556,30.2849,30.1605,False
0.255073,6.824660000000001,10.1515,29.2113,30.134,False
1.28667,5.50565,24.9447,29.8285,30.1253,False
1.10048,5.98865,65.3333,31.4959,30.1172,False
0.320784,6.3764400000000006,10.5127,29.9603,30.111,False
0.413745,7.28483,60.257,29.9757,30.109,False
0.31624,7.5,100.0,30.3462,30.1071,False
0.31624,7.5,1000.0,30.3464,30.1071,False
0.8750870000000001,6.3838099999999995,118.523,31.1659,30.1022,False
0.21625100000000003,7.15752,10.5961,29.7866,30.0919,False
0.224175,7.704560000000001,431.023,30.7905,30.090999999999998,False
0.16812,7.61415,16.5155,31.4458,30.0835,False
0.570403,6.9724699999999995,348.575,30.3728,30.07,False
1.2161600000000001,5.80565,54.4661,31.2156,30.0467,False
0.7950649999999999,6.45033,26.7963,30.6561,30.0338,False
0.30298200000000003,7.5398,49.1462,30.2898,30.0165,False
0.22243400000000002,7.09295,10.021,29.3,30.0113,False
0.562,7.0,1000.0,30.3309,30.0075,False
0.562,7.0,100.0,30.3305,30.0075,False
0.49782299999999996,7.13302,387.80800000000005,30.1963,29.9821,False
0.20833600000000002,5.71039,10.4045,33.8689,29.9544,False
0.1,5.5,10.0,35.2488,29.9425,True
0.238652,7.70403,736.448,30.6463,29.9303,False
0.1,8.0,100.0,31.2272,29.9145,False
0.1,8.0,1000.0,31.226999999999997,29.9145,False
0.161398,7.874789999999999,232.458,31.1382,29.899,False
0.197461,7.67457,19.3084,31.0938,29.8677,False
0.26768600000000004,7.66617,69.3103,30.4224,29.8,False
1.3385799999999999,5.6591,73.5437,30.7597,29.795,False
0.129056,5.8541,9.35094,33.575,29.7881,False
0.20587600000000003,6.62975,8.870280000000001,29.045,29.7796,False
0.31624,6.5,10.0,29.1795,29.7696,False
0.318358,7.561319999999999,136.44799999999998,30.1787,29.7589,False
0.1,7.5,10.0,30.5623,29.7337,False
0.394658,7.4069899999999995,796.7860000000001,29.811,29.7047,False
0.14913800000000002,7.942480000000001,372.599,31.0797,29.6837,False
0.379096,7.45039,74.8215,29.8139,29.653000000000002,False
0.323813,7.575,82.4089,30.1142,29.6291,False
0.269623,6.14785,9.66085,30.8981,29.5799,False
0.2444,5.820930000000001,10.119,33.2705,29.5779,False
0.14849500000000002,7.126580000000001,8.17103,29.0896,29.5721,False
0.398217,7.09802,15.7072,29.2425,29.5341,False
0.130287,5.89527,9.07395,33.1548,29.5249,False
0.201181,5.587940000000001,10.2138,34.4602,29.5236,False
0.553461,7.108039999999999,117.134,30.0839,29.5064,False
0.22385,7.8207,333.259,30.5733,29.5006,False
0.12156900000000001,7.635560000000001,11.8599,30.7895,29.4831,False
0.12620699999999999,6.91568,7.56363,28.7597,29.4786,False
0.77259,6.68619,502.00800000000004,30.3936,29.4522,False
0.15537,7.97268,44.3909,30.8719,29.426,False
0.612516,7.00713,151.64600000000002,30.1894,29.4078,False
0.258447,6.88842,9.32231,28.689,29.3928,False
0.163517,7.97155,82.4095,30.8752,29.3848,False
0.585446,7.06715,961.6,30.101,29.3794,False
0.17332999999999998,7.953189999999999,152.308,30.8196,29.3745,False
0.5781189999999999,7.083189999999999,101.34,30.0754,29.3733,False
0.273505,7.73915,93.2936,30.2531,29.3711,False
0.315617,7.64884,90.2413,30.0513,29.3558,False
1.1175,6.10351,69.5088,30.9713,29.3358,False
0.23953200000000002,7.334289999999999,11.8198,29.7982,29.3076,False
0.195231,7.92065,53.3485,30.5774,29.2963,False
0.241513,7.82528,379.491,30.371,29.2897,False
0.8957120000000001,6.492369999999999,259.94,30.4859,29.2649,False
0.704408,6.851439999999999,325.258,30.1901,29.2643,False
0.700627,6.862539999999999,145.457,30.1657,29.2441,False
0.31624,6.0,10.0,31.0453,29.2365,False
0.17782,5.5,10.0,34.876999999999995,29.2188,True
0.369442,5.52029,11.319,34.4915,29.2181,True
0.23430900000000002,7.857080000000001,480.44699999999995,30.3602,29.2104,False
0.43321099999999996,7.3772199999999994,30.1048,30.0784,29.1875,False
0.284833,7.75758,816.505,30.0949,29.1605,False
0.19037300000000001,7.9571,46.7359,30.5135,29.1435,False
1.49489,5.5208,447.31800000000004,30.392,29.1325,False
0.309746,7.70879,358.051,29.9679,29.1308,False
0.55624,7.15495,39.2333,30.2492,29.1105,False
1.3758299999999999,5.725,316.747,30.6316,29.0971,False
0.764651,6.7107399999999995,33.0092,30.5892,29.0928,False
0.17782,8.0,100.0,30.6318,29.0834,False
0.17782,8.0,1000.0,30.6319,29.0834,False
0.18055,7.994860000000001,251.41,30.6159,29.081,False
0.8129029999999999,6.15062,16.0293,28.4148,29.0759,False
0.13009300000000001,7.990069999999999,18.3732,31.0721,29.061999999999998,False
0.7710199999999999,6.758710000000001,59.8095,30.0437,29.0597,False
1.4625700000000001,5.52565,36.5841,30.4622,29.0309,False
0.5171060000000001,7.26582,46.7872,29.674,29.0172,False
0.492328,7.3329699999999995,202.59,29.4801,28.9928,False
0.31624,7.0,10.0,28.1323,28.962,False
0.38460700000000003,6.08458,10.1082,30.0478,28.9575,False
0.202829,7.9717899999999995,135.025,30.3946,28.9544,False
0.534461,7.10239,21.4972,29.433000000000003,28.941,False
0.822624,6.689010000000001,99.8708,29.9807,28.9403,False
0.500713,7.327319999999999,202.99099999999999,29.4974,28.9328,False
0.680133,6.96895,610.371,29.8612,28.9139,False
0.18234,7.9128,19.1352,30.7063,28.9135,False
0.222412,7.943410000000001,233.627,30.2485,28.8867,False
0.310423,7.10198,10.5655,28.4349,28.8834,False
0.152753,7.27285,7.8775699999999995,28.5516,28.86,False
0.720259,6.84377,32.3747,30.3633,28.8494,False
0.267547,7.764310000000001,21.5235,30.1632,28.8431,False
0.501424,7.34478,800.062,29.4405,28.8426,False
0.31314699999999995,7.73919,33.1282,30.0992,28.8103,False
0.450794,7.47042,79.3585,29.2328,28.7864,False
0.34283,6.54823,9.19848,28.1471,28.7847,False
1.11774,6.19845,71.3893,30.4671,28.7845,False
1.10356,6.2233,127.618,30.4494,28.7793,False
0.42406099999999997,6.8780399999999995,11.2439,27.8302,28.7682,False
1.03227,6.34405,307.568,30.2539,28.7504,False
0.339044,7.720739999999999,88.9272,29.5835,28.7497,False
0.535143,7.291010000000001,58.9059,29.5199,28.7469,False
0.601908,7.16781,447.381,29.6231,28.6984,False
0.25061700000000003,7.71315,16.8604,29.9192,28.6732,False
0.662391,7.0305,40.5415,30.1264,28.658,False
0.17782,7.5,10.0,29.2132,28.6132,False
0.97716,6.46088,268.613,29.9932,28.612,False
0.185415,7.41365,9.44713,29.0623,28.61,False
0.308913,7.812239999999999,77.2105,29.6674,28.6048,False
1.5566,5.52021,494.18699999999995,30.2352,28.6006,False
1.1151,6.23934,84.4681,30.3023,28.5842,False
1.05433,6.33823,484.244,30.1314,28.5818,False
0.577676,7.06687,20.8518,29.1969,28.5689,False
0.327074,6.202780000000001,9.08789,29.2015,28.5635,False
0.5047510000000001,7.3975800000000005,82.726,29.182,28.5549,False
0.511455,7.382680000000001,54.5498,29.2166,28.5337,False
0.776051,6.710189999999999,23.7348,29.4131,28.5284,False
0.121773,5.58384,8.9481,34.1191,28.5138,False
0.604123,7.20689,860.355,29.5158,28.4862,False
0.50421,7.41535,237.387,29.1154,28.4721,False
0.23673000000000002,7.445930000000001,10.8973,28.8286,28.4699,False
1.09019,6.2615099999999995,41.3991,30.3506,28.4607,False
1.18574,6.15223,86.4006,30.6188,28.4553,False
0.36193200000000003,6.906960000000001,9.74572,27.5634,28.445,False
0.46931300000000004,7.479239999999999,38.699,29.3129,28.430999999999997,False
0.391943,7.3773800000000005,16.0852,28.6715,28.3732,False
1.11263,6.2824800000000005,364.06699999999995,30.131999999999998,28.3695,False
1.58435,5.51995,410.17900000000003,30.1321,28.3635,False
0.14019,7.0206,6.849239999999999,27.5414,28.362,False
0.30914200000000003,7.8670100000000005,315.217,29.5374,28.3172,False
0.333681,7.815869999999999,422.69699999999995,29.3719,28.3163,False
0.7182970000000001,7.01547,785.852,29.3934,28.302,False
0.496015,6.23348,10.314,28.1378,28.2779,False
0.358545,6.7223,8.99418,27.2584,28.2775,False
0.49158599999999997,7.033689999999999,14.190999999999999,27.9099,28.2691,False
0.339469,7.8147,105.83200000000001,29.2882,28.2612,False
1.39323,5.84935,573.3530000000001,30.3806,28.2454,False
0.774435,6.86972,35.0077,29.8908,28.2222,False
0.309929,7.857310000000001,31.3022,29.7203,28.2137,False
0.871165,6.293740000000001,16.437,27.8568,28.2087,False
0.6344380000000001,7.1882600000000005,45.2266,29.4033,28.2025,False
0.205539,7.626589999999999,11.3223,29.0487,28.1902,False
1.0,6.5,1000.0,29.6308,28.1883,False
1.0,6.5,100.0,29.6302,28.1883,False
0.322531,7.87471,449.02099999999996,29.3232,28.1378,False
1.54736,5.569319999999999,36.939,30.2295,28.1005,False
1.16977,6.24169,90.5447,30.3263,28.0835,False
0.480008,7.54824,619.496,28.805999999999997,28.0783,False
0.5420020000000001,7.41714,277.238,28.9518,28.0616,False
0.38076,7.7701199999999995,295.35900000000004,29.0004,28.0459,False
0.667493,7.13174,33.2881,29.5222,27.9762,False
0.47463900000000003,7.584339999999999,179.803,28.7325,27.9596,False
0.12573,7.93686,11.5765,29.7473,27.9451,False
0.588167,7.3475399999999995,640.905,28.9247,27.9346,False
0.31624,5.5,10.0,34.2149,27.9222,True
0.474498,7.593189999999999,934.007,28.6896,27.9182,False
0.9516969999999999,6.42413,21.193,28.6974,27.9084,False
1.22775,6.17755,57.5121,30.213,27.9074,False
1.1740899999999999,6.27339,639.395,30.1757,27.8672,False
1.02885,6.36645,24.1041,28.9041,27.8533,False
0.6113850000000001,7.2694,32.0892,29.3772,27.8415,False
0.371915,7.83591,155.425,28.9311,27.8187,False
0.543271,6.84612,12.2062,27.109,27.8163,False
1.50528,5.7535,632.758,29.9404,27.807,False
0.798535,6.96236,72.6563,28.974,27.7642,False
0.434749,7.68823,33.7132,28.7844,27.7441,False
0.123009,5.7439,8.08145,32.7809,27.7236,True
0.672996,7.038989999999999,20.8248,28.6851,27.6954,False
1.28245,6.0326900000000006,27.2329,29.1337,27.6738,False
0.73009,7.1176699999999995,210.435,28.7427,27.6711,False
0.408398,7.78897,569.737,28.6523,27.666999999999998,False
0.404543,7.800039999999999,238.687,28.6609,27.6543,False
0.770066,6.02199,12.1736,27.4139,27.6372,False
0.9453590000000001,6.71047,868.0880000000001,28.8882,27.6306,False
1.58639,5.6574800000000005,474.374,29.814,27.6163,False
0.31624,8.0,1000.0,29.0093,27.5864,False
0.31624,8.0,100.0,29.0092,27.5864,False
0.422242,7.77757,378.741,28.4996,27.5794,False
0.14879900000000001,7.83902,10.2735,28.8154,27.5727,False
0.22626100000000002,5.98614,8.11374,30.3937,27.508000000000003,False
0.8997959999999999,6.75853,33.6909,28.9606,27.508000000000003,False
1.6573099999999998,5.5722,187.791,29.6479,27.4636,False
0.562,7.5,100.0,28.3375,27.4626,False
0.562,7.5,1000.0,28.3378,27.4626,False
1.43306,5.93274,179.141,30.0254,27.4517,False
0.1,8.0,10.0,28.9153,27.4374,False
1.24469,6.07514,23.4334,28.7038,27.405,False
0.801255,7.03511,719.847,28.6249,27.3832,False
0.348124,7.9799,838.686,28.5755,27.3738,False
0.110411,6.97365,5.859030000000001,26.0395,27.3303,False
0.579097,7.4934,188.94799999999998,28.2263,27.3301,False
0.803945,7.04281,210.50799999999998,28.5593,27.319000000000003,False
0.441754,7.7969800000000005,648.526,28.1702,27.2955,False
0.302037,7.8845,16.7805,28.9063,27.2866,False
1.49674,5.87115,457.659,29.7681,27.2477,False
0.562,6.0,10.0,28.5481,27.2349,False
0.436722,6.66753,8.72208,26.1996,27.2285,False
0.562,6.5,10.0,26.2922,27.2238,False
0.231001,7.7493,10.8879,28.3287,27.2004,False
0.9532209999999999,6.78303,82.5522,28.4612,27.19,False
0.57006,7.517930000000001,38.4037,28.4676,27.19,False
1.32555,6.15889,119.751,29.9726,27.1886,False
0.912065,6.8635600000000005,59.5504,28.3054,27.1696,False
0.366027,7.98106,46.8695,28.2227,27.1661,False
1.25544,6.2720199999999995,106.06200000000001,29.9224,27.158,False
0.542802,7.43388,20.2835,28.1978,27.1487,False
0.314114,7.67294,12.5473,28.2506,27.136,False
0.45986400000000005,7.7981,944.29,27.962,27.1097,False
0.751741,7.19688,113.189,28.1916,27.0852,False
0.359605,6.45782,7.96369,26.5176,27.0649,False
0.46516,7.7969,720.883,27.9098,27.0625,False
0.269933,5.75892,8.64937,32.3979,27.0532,False
0.12175599999999999,6.93345,5.75494,25.6293,27.0201,False
0.6568510000000001,6.3958,10.728,26.1463,26.9726,False
0.6375109999999999,7.4543800000000005,109.23,27.9393,26.9561,False
0.528305,7.690180000000001,278.879,27.6916,26.9294,False
0.7026680000000001,7.33351,222.356,27.905,26.9065,False
1.75154,5.53219,403.903,29.1374,26.8982,False
0.363406,7.632439999999999,13.0295,27.8791,26.8893,False
0.178511,7.6744699999999995,8.220139999999999,27.3623,26.8777,False
0.464286,6.21535,8.744860000000001,26.909000000000002,26.8718,False
0.6032529999999999,7.545260000000001,835.7919999999999,27.7957,26.8703,False
0.760026,7.2331199999999995,757.4689999999999,27.9677,26.8409,False
0.610294,7.53753,80.5961,27.7776,26.8392,False
0.31624,7.5,10.0,26.8412,26.7908,False
1.16618,6.4854,445.01,29.3763,26.7861,False
1.7202099999999998,5.60613,192.887,29.0425,26.7701,False
0.43658800000000003,7.92541,148.334,27.739,26.7655,False
0.397881,7.74215,16.2836,27.8652,26.7654,False
1.03452,6.71393,655.712,28.6204,26.7638,False
0.473254,6.09165,8.83743,27.5883,26.7441,False
0.728025,7.31773,66.7217,27.7297,26.7424,False
1.13595,6.22574,18.7632,27.6233,26.7165,False
0.13852,7.37282,5.70108,25.5278,26.6753,False
0.49400299999999997,7.82389,301.822,27.5273,26.6629,False
0.826656,7.13272,50.8112,27.8397,26.645,False
0.399161,6.95777,8.10257,25.5922,26.6208,False
0.665669,7.47915,139.32,27.6257,26.5883,False
0.285926,7.50369,8.92955,26.4769,26.5775,False
0.17782,8.0,10.0,28.2122,26.5398,False
0.555791,7.718139999999999,57.3813,27.2199,26.538,False
0.742409,5.89994,10.7781,27.7455,26.4979,False
0.31852199999999997,7.69655,10.8711,27.268,26.4602,False
0.478178,7.9046,53.0461,27.3101,26.4529,False
0.48421899999999996,7.90004,72.1049,27.3357,26.428,False
1.8173,5.52773,158.484,28.5222,26.3999,False
0.9005569999999999,6.702030000000001,17.5644,26.9556,26.3847,False
0.584649,7.69562,203.736,27.27,26.3827,False
0.10183099999999999,6.81372,5.342219999999999,24.6705,26.3705,False
0.8529370000000001,6.72858,16.4627,27.1109,26.3699,False
1.68451,5.742999999999999,535.019,28.6765,26.3641,False
0.422171,7.432639999999999,11.1333,26.4037,26.3544,False
1.20299,6.513669999999999,88.9607,29.189,26.3246,False
0.700596,7.48486,163.90400000000002,27.445,26.2575,False
0.310842,7.3971800000000005,8.151689999999999,25.8645,26.2522,False
0.44725,5.91129,8.75308,29.0381,26.233,False
0.5015430000000001,7.91516,182.695,27.1677,26.2143,False
1.38456,6.25074,909.45,29.0734,26.2088,False
0.553801,7.805210000000001,36.295,27.3188,26.104,False
0.564584,6.32824,8.8479,25.1642,26.0375,False
0.769928,7.37323,42.5996,27.6178,26.0346,False
0.108957,6.53066,5.35736,24.9812,26.0137,False
1.86506,5.538530000000001,236.00099999999998,28.0195,25.9992,False
0.9893649999999999,6.9643,282.3,28.0612,25.9977,False
0.500505,7.97354,807.003,27.0323,25.9909,False
1.19743,6.591,765.692,28.9629,25.9856,False
0.627678,6.80392,10.3025,25.0956,25.9816,False
0.789609,7.367210000000001,558.911,27.3112,25.9682,False
0.160728,6.52974,5.677630000000001,24.6328,25.9661,False
0.13153800000000002,5.9545699999999995,6.399719999999999,29.6633,25.9492,False
0.185719,7.0545,5.6009,24.5196,25.9413,False
1.04891,6.76483,28.2806,27.7835,25.9396,False
1.1270200000000001,6.722860000000001,230.78900000000002,28.7181,25.9155,False
0.783609,7.39255,952.328,27.25,25.915,False
0.728725,7.50937,185.77700000000002,27.1996,25.91,False
0.860763,7.23613,178.24599999999998,27.5575,25.8986,False
0.62573,7.7436300000000005,930.1439999999999,27.0426,25.8526,False
1.63117,5.93541,130.923,28.201999999999998,25.8293,False
0.789767,7.40373,230.947,27.2389,25.8125,False
0.562,7.0,10.0,24.8264,25.8071,False
0.111299,5.81393,6.52689,30.6475,25.8056,False
0.562,5.5,10.0,32.4575,25.7982,True
1.2483899999999999,6.5451,155.94899999999998,28.9319,25.7976,False
0.719274,7.559189999999999,61.8604,27.04,25.7855,False
1.0,7.0,1000.0,28.069000000000003,25.7477,False
1.0,7.0,100.0,28.0685,25.7477,False
0.150122,6.116140000000001,6.12638,27.756999999999998,25.7468,False
0.102181,7.82793,6.09669,25.6222,25.7239,False
0.101526,5.84283,6.34866,30.4202,25.7218,False
0.5648569999999999,7.79465,23.3361,26.6539,25.6901,False
1.14354,6.74867,402.168,28.6142,25.6584,False
0.765608,7.49966,192.265,27.0836,25.6269,False
1.0916299999999999,6.85411,600.005,28.3657,25.6126,False
1.48651,6.21092,782.4960000000001,28.2735,25.5918,False
0.550088,7.916110000000001,28.6755,26.9494,25.5843,False
0.9178780000000001,7.196789999999999,585.689,27.6696,25.5766,False
0.5952970000000001,7.88042,803.95,26.7229,25.5719,False
0.8349040000000001,7.330889999999999,37.8542,27.5798,25.5551,False
0.11605499999999999,6.35321,5.3722199999999996,25.6172,25.5372,False
0.342976,7.60655,8.88999,25.7131,25.4981,False
0.562,8.0,100.0,26.6357,25.4,False
0.562,8.0,1000.0,26.6359,25.4,False
1.1761,6.703710000000001,36.8224,28.5581,25.3903,False
0.9552200000000001,6.763160000000001,16.7286,26.3915,25.3868,False
1.22428,6.67063,985.835,28.5117,25.3827,False
0.9890979999999999,7.106660000000001,899.1030000000001,27.9532,25.3744,False
2.0,5.5,1000.0,27.1327,25.3497,False
2.0,5.5,100.0,27.131,25.3497,False
0.377521,7.38191,7.94128,24.6102,25.3458,False
0.822737,7.450539999999999,92.9394,27.2545,25.3364,False
0.637154,7.82044,37.677,26.9912,25.3329,False
0.6053430000000001,7.6678,18.2133,26.1069,25.3075,False
0.46484899999999996,6.611610000000001,7.26192,23.7673,25.3038,False
1.2217799999999999,6.51813,22.4109,27.4414,25.2675,False
1.9421099999999998,5.58749,284.835,27.101,25.2483,False
1.55847,6.17117,212.76,27.8479,25.2328,False
0.588905,7.96132,36.6662,26.7816,25.2208,False
1.81152,5.78059,956.467,27.3446,25.2206,False
0.156628,7.812139999999999,6.32906,25.1485,25.2168,False
1.4908299999999999,6.1992199999999995,28.1934,27.5018,25.2135,False
1.04834,7.036389999999999,149.783,28.0367,25.1829,False
1.2444,6.68047,478.101,28.2638,25.1761,False
0.606946,7.96242,134.687,26.4786,25.1586,False
0.898285,7.340089999999999,106.807,27.5585,25.1484,False
0.127881,5.6684,6.53865,30.476,25.1376,False
1.2940200000000002,6.6066899999999995,710.2289999999999,28.1614,25.1344,False
1.59494,6.13748,297.633,27.6618,25.1296,False
1.00106,6.83488,18.5799,26.1957,25.1219,False
0.624146,7.93383,67.15100000000001,26.4894,25.116,False
0.675585,7.82587,270.435,26.7568,25.111,False
0.703883,7.72543,35.6283,27.0433,25.0942,False
1.22451,6.0881300000000005,14.9939,26.6416,25.058000000000003,False
0.754279,7.67077,883.668,26.9523,25.0566,False
0.226792,7.120839999999999,5.3521,23.6541,25.0563,False
0.31624,8.0,10.0,26.094,25.0435,False
0.954734,7.25449,165.608,27.7494,25.0417,False
1.50225,6.30089,70.4533,27.6291,25.0407,False
0.682964,6.44214,9.01704,24.2031,25.0352,False
0.801583,7.5432,38.9372,27.3567,25.0205,False
1.35111,6.54216,801.418,27.9615,25.0027,False
0.5405770000000001,7.970739999999999,19.0277,26.1459,24.9782,False
1.0439,7.09634,65.2528,27.8535,24.9585,False
0.690262,7.8379199999999996,943.2860000000001,26.783,24.9454,False
1.07182,6.938039999999999,25.9297,27.2113,24.9289,False
0.8246700000000001,7.51709,37.9447,27.3807,24.9152,False
0.588344,7.0219,9.11105,23.9212,24.9082,False
0.23451,6.8756,5.38098,22.7257,24.8918,False
1.06334,7.08714,470.39099999999996,27.8755,24.8386,False
0.374488,7.85478,9.80162,25.5022,24.8314,False
0.669549,7.912380000000001,596.526,26.6856,24.8309,False
1.46765,6.41015,105.355,27.4839,24.7744,False
1.8508,5.8182,245.248,26.8382,24.7496,False
1.9090099999999999,5.6843,37.1346,27.0221,24.71,False
0.502627,7.91586,14.1868,25.9311,24.6842,False
0.603858,7.571389999999999,13.3887,25.5585,24.6766,False
0.8350770000000001,7.018039999999999,14.0091,26.0433,24.6749,False
1.7821900000000002,5.86642,28.7996,26.5104,24.6694,False
0.834355,7.572660000000001,39.9142,27.3501,24.6614,False
1.20226,6.83142,40.4527,27.7369,24.66,False
0.333539,7.27502,6.1543,23.3334,24.6522,False
0.37133499999999997,6.55322,6.272819999999999,22.7063,24.5957,False
0.757073,7.7881,58.8942,26.7463,24.5936,False
1.37553,6.5403199999999995,33.834,27.5429,24.5832,False
0.18756199999999998,7.999389999999999,6.65021,24.8562,24.5798,False
1.8950599999999997,5.78136,53.1526,26.5655,24.5548,False
1.56407,6.30326,732.1080000000001,27.1167,24.5536,False
0.714105,7.89513,50.5884,26.6708,24.5253,False
0.20582399999999998,6.127730000000001,5.784009999999999,26.1235,24.5161,False
1.94428,5.72863,331.42,26.465,24.5126,False
0.6441060000000001,7.592239999999999,14.4336,25.5857,24.4917,False
2.1233,5.53731,81.6248,26.03,24.4303,False
0.317817,6.9078,5.69511,22.2824,24.4281,False
0.701835,7.9149,35.9401,26.9779,24.4233,False
0.49722700000000003,5.61653,8.421510000000001,30.6945,24.4088,True
0.788578,7.7714300000000005,55.0705,26.7826,24.4063,False
0.720026,6.6708300000000005,9.039639999999999,23.5541,24.3934,False
0.392705,7.98422,9.99537,25.1244,24.3336,False
0.13827,6.1143,5.29505,26.5978,24.3141,False
0.82055,7.64027,26.9029,26.6315,24.2823,False
1.96135,5.7552,790.905,26.2148,24.2696,False
1.42228,6.546880000000001,39.0782,27.1345,24.2668,False
1.4832,6.49444,553.807,26.9236,24.2396,False
0.21989,5.88511,6.133430000000001,28.4386,24.2396,False
1.7627700000000002,6.08035,453.543,26.3754,24.162,False
0.724504,7.9027899999999995,28.7903,26.5809,24.1544,False
0.756099,7.6581399999999995,18.6482,25.6206,24.085,False
1.66962,6.2392900000000004,173.345,26.4932,24.0781,False
0.24426199999999998,6.36457,5.36491,23.1893,24.0692,False
0.562,7.5,10.0,24.0955,24.0559,False
0.570121,6.94348,7.4713899999999995,22.6526,24.0547,False
0.192359,7.79448,5.552309999999999,23.27,24.0524,False
1.38678,6.51486,22.0029,26.5584,24.0272,False
0.10275999999999999,6.1401900000000005,4.92432,26.1683,24.0232,False
0.239002,5.68635,6.51435,29.4097,24.0124,True
0.556634,6.52366,7.13055,22.4495,23.9905,False
0.8297760000000001,7.81215,136.741,26.8254,23.9796,False
0.939083,7.025860000000001,14.9125,25.6113,23.9465,False
1.5651,6.302219999999999,24.2745,26.055,23.9361,False
0.735102,7.902769999999999,24.1772,26.2326,23.9277,False
2.0861,5.675669999999999,417.87300000000005,25.6678,23.9168,False
1.78695,5.952719999999999,24.1438,25.8588,23.9088,False
1.60091,6.08499,19.7399,25.9947,23.9065,False
0.636545,5.86461,8.19137,26.6734,23.8752,False
1.0513299999999999,7.326810000000001,38.9017,26.7829,23.8318,False
1.54464,6.48614,204.52,26.3928,23.8236,False
2.06145,5.722230000000001,658.855,25.5866,23.8231,False
1.80381,5.85337,21.4153,25.6278,23.8154,False
0.807384,7.38665,14.8853,25.4375,23.8147,False
1.0,7.5,1000.0,26.7987,23.744,False
1.0,7.5,100.0,26.7984,23.7439,False
1.04257,7.39127,45.1044,26.6509,23.7275,False
0.573666,7.4496199999999995,9.22471,23.5119,23.7268,False
0.150597,7.83148,4.77022,22.4577,23.7239,False
1.08517,7.32568,54.9021,26.5754,23.7065,False
1.98465,5.54829,21.0615,24.118000000000002,23.6951,False
0.518754,6.5511,6.66102,22.0156,23.6712,False
0.342912,7.51083,6.06818,22.2022,23.6633,False
1.8761299999999999,6.00036,50.5275,25.7477,23.6631,False
2.2747,5.52771,141.406,25.1168,23.6401,False
0.9393819999999999,6.036580000000001,9.844489999999999,24.4583,23.6396,False
0.112666,7.57572,3.7130900000000002,21.0652,23.6342,False
0.222521,5.64016,6.23808,29.0433,23.5973,False
1.5146899999999999,6.5899399999999995,148.19899999999998,26.188000000000002,23.5582,False
1.01486,7.520289999999999,835.7589999999999,26.572,23.5574,False
2.29998,5.52211,78.4508,24.9262,23.5292,False
0.633988,7.121060000000001,8.27332,22.0902,23.4976,False
1.19715,7.156860000000001,432.301,26.3385,23.496,False
1.48379,5.77954,14.1918,25.5021,23.4779,False
1.99185,5.88624,90.8384,25.4215,23.4693,False
0.338808,7.63437,6.23911,22.1712,23.4415,False
1.17735,7.212289999999999,287.584,26.2739,23.4318,False
0.54681,7.947080000000001,10.885,24.3511,23.3743,False
0.8348059999999999,7.98406,49.9063,26.2659,23.3636,False
2.24548,5.5883400000000005,44.5271,25.0441,23.336,False
1.0,6.0,10.0,24.4426,23.315,False
0.893251,7.87303,67.3974,26.1773,23.3101,False
0.245006,7.27539,4.38935,21.0273,23.2769,False
0.208696,7.67272,4.5378,21.6609,23.2683,False
1.73748,6.25052,33.4471,25.6656,23.2666,False
0.981183,7.68111,235.85,26.1973,23.2555,False
0.173404,6.59168,4.28979,20.1462,23.1991,False
2.23937,5.65395,475.43300000000005,24.8132,23.1981,False
1.61513,5.976380000000001,16.6657,25.6418,23.1765,False
0.592666,7.35875,8.134689999999999,21.8213,23.1499,False
1.40275,6.82596,39.9173,25.9545,23.1479,False
0.26576700000000003,7.864669999999999,5.69104,22.1227,23.1434,False
0.813368,7.12581,10.5379,23.4829,23.1428,False
0.275302,7.0279,4.67767,20.4375,23.1258,False
1.7734,5.92288,18.9443,24.9341,23.1161,False
0.171774,7.776110000000001,4.3219199999999995,21.5769,23.1102,False
0.152107,6.19301,4.681109999999999,24.3222,23.107,False
0.66443,6.8807100000000005,7.380089999999999,21.5523,23.0761,False
0.12247100000000001,7.76549,3.76366,21.3894,23.0548,False
0.682087,5.57531,8.52149,29.1413,23.0457,True
2.26424,5.65947,278.133,24.6356,23.0426,False
0.105923,6.17946,4.42281,24.7171,23.0399,False
1.06564,7.54891,769.7130000000001,25.9116,23.0328,False
0.550538,7.93423,10.0691,23.7402,23.031999999999996,False
0.527211,7.4992,7.59054,21.7072,23.0282,False
1.8204099999999999,6.25,173.447,25.14,23.0086,False
1.62249,6.546530000000001,153.88,25.4553,23.006999999999998,False
0.200711,7.96842,5.08659,22.0204,22.9962,False
0.310697,6.02703,5.6149,25.3683,22.9466,False
2.0,6.0,1000.0,24.8999,22.926,False
2.0,6.0,100.0,24.8987,22.9259,False
0.9430219999999999,7.86372,703.821,25.7026,22.9092,False
1.3208,7.066489999999999,56.3074,25.6142,22.8935,False
0.21994,7.744160000000001,4.5658199999999995,21.2528,22.8933,False
1.31853,5.95111,12.1582,24.3381,22.8738,False
0.151081,6.83575,3.91382,18.9118,22.8457,False
0.535011,6.876589999999999,6.21052,21.1183,22.8452,False
2.4281200000000003,5.54051,74.9161,24.0595,22.783,False
0.198114,7.1900699999999995,3.98735,20.1714,22.7614,False
1.00658,7.73624,44.9599,25.5135,22.7517,False
1.0,6.5,10.0,23.3352,22.7494,False
0.285542,7.03436,4.53984,20.0292,22.745,False
0.562,8.0,10.0,23.7504,22.7197,False
0.464533,7.828869999999999,7.4795300000000005,21.99,22.7125,False
1.21304,6.44719,12.5669,24.3062,22.7038,False
1.0,5.5,10.0,28.0297,22.6792,False
1.1076700000000002,7.382210000000001,21.7042,25.2848,22.6774,False
1.15659,7.450060000000001,191.40599999999998,25.3931,22.6557,False
1.17723,7.410360000000001,54.5867,25.2682,22.6258,False
1.5005700000000002,6.839060000000001,399.95099999999996,25.1854,22.5543,False
0.10931199999999999,5.99715,4.47219,26.2468,22.5248,False
1.21116,7.3724,414.75800000000004,25.203000000000003,22.5196,False
0.140815,7.60847,3.41115,19.4249,22.4981,False
0.12804200000000002,7.81162,3.56705,20.7729,22.4931,False
1.0026,7.84505,170.245,25.1745,22.4689,False
0.788507,6.32125,7.75165,21.8037,22.4497,False
0.338927,7.91522,5.87712,21.2857,22.4343,False
0.22578600000000001,5.658440000000001,5.5431,27.813000000000002,22.3794,False
1.37199,6.34861,13.7363,25.2215,22.3695,False
0.563087,6.741619999999999,6.07606,20.7286,22.3231,False
0.35041,7.09438,4.67391,20.1764,22.3115,False
0.287486,7.79961,4.93799,20.3971,22.3063,False
0.6656,7.50747,8.45636,21.6906,22.2665,False
0.44131800000000004,7.6466899999999995,6.1659,20.5772,22.2608,False
0.216342,7.9264600000000005,4.489730000000001,20.6924,22.2604,False
0.60018,7.01248,6.21206,20.0691,22.2508,False
0.9539920000000001,6.87228,10.0454,22.6957,22.2291,False
2.26418,5.83904,865.9060000000001,23.8741,22.1893,False
0.305397,7.90983,5.22441,20.5865,22.1857,False
0.30872,7.660489999999999,4.66507,20.1587,22.1552,False
0.996348,7.901089999999999,35.4277,24.7558,22.1525,False
1.48274,6.47865,16.0194,25.1159,22.1428,False
0.189305,6.98636,3.7604699999999998,18.5575,22.1341,False
1.28857,7.291589999999999,41.8511,24.7183,22.125,False
2.36441,5.74999,75.1014,23.6169,22.1187,False
0.597018,7.52951,7.39768,20.635,22.1138,False
0.629283,5.60619,7.5132699999999994,28.1541,22.1134,True
2.53349,5.51702,35.203,23.5441,22.1008,False
0.253235,6.90782,4.13967,18.4643,22.0961,False
0.37722100000000003,5.82033,5.86297,26.4731,22.0819,True
0.188379,7.5178199999999995,3.5090800000000004,18.8541,22.0796,False
1.76132,6.56274,370.091,24.3323,22.0458,False
0.151875,7.56533,3.27527,18.4609,21.9986,False
0.880827,5.97731,7.920089999999999,23.5244,21.9937,False
1.1618600000000001,7.620939999999999,62.6526,24.5494,21.9903,False
1.62628,6.7804,255.516,24.415,21.9857,False
1.79672,6.46079,32.2687,24.3089,21.9652,False
1.65085,6.7485,890.61,24.3476,21.9652,False
1.0,8.0,1000.0,24.4948,21.9511,False
1.0,8.0,100.0,24.4946,21.9511,False
1.07348,7.8329,325.798,24.5437,21.941,False
2.56455,5.58469,517.9119999999999,23.2146,21.9392,False
0.9369379999999999,7.411980000000001,12.1102,24.0866,21.9357,False
2.28884,5.87504,98.236,23.5838,21.9067,False
1.34477,7.276789999999999,481.861,24.5071,21.9017,False
0.939255,6.01221,8.195089999999999,22.9019,21.8901,False
0.586094,7.123710000000001,5.997380000000001,19.6836,21.8708,False
2.23014,5.962269999999999,439.99300000000005,23.5107,21.7997,False
1.5427,6.95914,125.777,24.3417,21.7986,False
1.30407,6.35152,11.7744,23.9387,21.7834,False
0.21609699999999998,6.9339699999999995,3.7676800000000004,17.8186,21.7822,False
2.3535,5.8365599999999995,767.9939999999999,23.4082,21.7812,False
0.368368,6.60545,4.73977,18.6717,21.7311,False
1.43814,7.1703399999999995,107.499,24.2409,21.6701,False
1.07188,7.8613,33.8059,24.188000000000002,21.6645,False
0.450866,6.25155,5.19952,21.2346,21.65,False
2.5754900000000003,5.64926,878.96,22.9256,21.6058,False
1.3608799999999999,7.336869999999999,140.11700000000002,24.1074,21.5694,False
1.57621,6.96536,57.2178,23.9523,21.5517,False
1.0,7.0,10.0,22.5439,21.5388,False
1.66275,5.938619999999999,13.8414,24.1249,21.5328,False
2.51099,5.7011400000000005,43.4507,23.1078,21.5126,False
1.7301400000000002,6.65786,27.2609,23.3908,21.5113,False
0.8388979999999999,6.75177,7.392860000000001,20.4516,21.4939,False
1.21195,7.29714,17.0701,24.035,21.4617,False
1.22953,7.49259,23.2426,23.7543,21.4434,False
0.9770200000000001,6.1322,8.144060000000001,22.035999999999998,21.4227,False
0.232971,7.55275,3.4474,17.6596,21.3708,False
2.18473,6.05556,31.6538,23.1901,21.3295,False
1.5210299999999999,7.05013,28.6367,23.6345,21.3175,False
1.3475,7.3629999999999995,28.8191,23.5806,21.2998,False
0.286218,6.55312,3.9192400000000003,17.6801,21.2942,False
1.93127,6.51197,75.5324,23.2673,21.259,False
1.7378200000000001,6.72237,28.7116,23.2157,21.2451,False
0.24409,6.72606,3.7617,17.2182,21.2335,False
2.49805,5.81619,215.077,22.7148,21.226,False
2.49335,5.8217300000000005,423.765,22.7196,21.2227,False
1.2817100000000001,7.23049,17.3313,23.6893,21.1965,False
1.2934,7.586930000000001,134.638,23.5509,21.1499,False
1.55603,5.83573,11.8994,23.7152,21.1471,False
1.38094,6.09029,10.8418,23.4699,21.1368,False
1.24225,7.7124,195.815,23.4886,21.098000000000003,False
1.89335,6.41973,22.4613,22.9341,21.0914,False
1.16377,7.842980000000001,35.6366,23.4752,21.0713,False
1.2499200000000001,7.713010000000001,235.86,23.4189,21.0423,False
2.45512,5.90301,149.317,22.6236,21.0401,False
1.1557600000000001,7.84745,27.0913,23.1964,21.0125,False
1.56492,7.14186,240.91099999999997,23.4151,20.9794,False
1.75194,6.8498600000000005,352.246,23.2077,20.974,False
2.24379,6.14466,86.1258,22.7523,20.9701,False
1.75268,6.85655,156.435,23.1772,20.9453,False
2.2812,6.10651,139.514,22.6757,20.9425,False
2.0,6.5,100.0,22.8893,20.9372,False
2.0,6.5,1000.0,22.8902,20.9372,False
2.65174,5.73198,504.35699999999997,22.2453,20.9278,False
1.175,6.56865,9.7539,22.3603,20.8975,False
2.1707099999999997,5.5868400000000005,16.6791,22.6563,20.8798,False
1.96612,6.01236,16.8659,23.9296,20.8728,False
0.68471,5.88817,6.48854,24.1276,20.8708,False
0.38138,6.41685,4.26745,18.6005,20.8538,False
1.5118,7.270230000000001,529.203,23.2547,20.843000000000004,False
1.4994,7.29506,103.06299999999999,23.2334,20.8329,False
0.194525,5.70707,4.5072,25.7289,20.83,False
0.6551319999999999,7.50767,6.53362,18.8948,20.8234,False
0.116744,6.39786,3.08543,19.0981,20.8182,False
0.132581,5.69613,4.20301,25.4172,20.8165,False
1.36916,7.5434399999999995,154.594,23.1255,20.7968,False
1.7761099999999999,6.8621300000000005,82.197,22.9857,20.7942,False
0.1005,5.9850699999999994,3.6085599999999998,24.3528,20.7925,False
1.6741700000000002,7.02398,951.1039999999999,23.0954,20.7767,False
1.22043,7.87206,206.12599999999998,23.0528,20.7519,False
0.203648,7.0705100000000005,3.24024,16.5252,20.7514,False
1.8258,6.8006,245.044,22.9141,20.7488,False
0.10890599999999999,7.94195,2.59844,16.6256,20.7153,False
1.93983,6.644819999999999,337.414,22.788,20.7105,False
1.90215,6.6321699999999995,32.192,22.8979,20.6956,False
0.618899,6.26516,5.5136,20.3002,20.6942,False
2.02861,6.45595,32.6432,22.7501,20.6932,False
2.03084,6.52201,411.469,22.6178,20.6928,False
1.8240299999999998,6.81905,906.84,22.8547,20.69,False
1.30437,7.70867,624.014,22.9803,20.6844,False
1.34517,7.501760000000001,24.3597,22.7503,20.6818,False
2.3281400000000003,6.12148,566.679,22.3523,20.6749,False
1.2926600000000001,7.704330000000001,37.9852,22.9207,20.635,False
0.139846,5.54075,4.27513,26.2627,20.6149,True
1.19147,7.982810000000001,944.439,22.8571,20.6124,False
1.9482599999999999,6.66363,629.849,22.6652,20.5966,False
0.649478,7.0147699999999995,5.3961,18.2846,20.5761,False
0.189399,7.9841,3.14147,17.7384,20.54,False
1.76659,6.94813,296.465,22.7338,20.5391,False
2.23182,6.28437,99.7356,22.3307,20.5224,False
1.63714,7.1475,55.2796,22.8187,20.5202,False
2.78746,5.70006,181.893,21.7348,20.5083,False
0.5999439999999999,7.35394,5.35924,17.8873,20.4896,False
2.2776400000000003,6.2283599999999995,69.2879,22.1947,20.4876,False
3.0,5.5,1000.0,21.3288,20.4875,False
3.0,5.5,100.0,21.3267,20.4874,False
0.230479,6.1490599999999995,3.7377800000000003,21.9303,20.4324,False
2.03111,6.25812,19.5271,22.3086,20.4316,False
0.106025,6.6029100000000005,2.56328,16.2951,20.430999999999997,False
1.4482899999999999,7.401689999999999,25.4359,22.4892,20.4203,False
1.24482,7.9375,108.51700000000001,22.5935,20.3945,False
1.26495,6.6048,10.1626,22.5623,20.3857,False
0.48858100000000004,7.97127,5.34448,18.3476,20.3812,False
1.8247,6.905189999999999,100.64299999999999,22.5215,20.3793,False
1.0,7.5,10.0,22.4569,20.3757,False
0.24397399999999997,7.37409,3.08256,15.6651,20.3667,False
1.35436,7.72685,581.121,22.5153,20.3106,False
2.15512,6.45454,106.79899999999999,22.1398,20.3086,False
1.21291,5.894880000000001,8.51326,22.1063,20.2987,False
0.19258699999999998,6.61195,2.91371,16.1379,20.2946,False
2.11794,6.5105699999999995,184.90200000000002,22.1479,20.2945,False
0.324108,7.78459,3.6991099999999997,17.6241,20.2855,False
1.7067599999999998,7.09567,48.3649,22.4955,20.2807,False
3.01178,5.54142,305.08299999999997,21.1764,20.2773,False
0.285608,7.8167100000000005,3.4475,17.3799,20.2645,False
0.15298299999999998,6.89737,2.76314,14.8777,20.2344,False
0.15578499999999998,6.30507,3.13143,19.6081,20.2322,False
1.20013,5.6004,8.77285,24.496,20.2237,False
0.173482,7.55426,2.55165,14.6419,20.2228,False
0.102442,6.71453,2.438,15.2348,20.2156,False
0.125558,7.96281,2.46195,15.6332,20.2142,False
1.28541,7.91055,815.078,22.3703,20.2091,False
0.100872,5.71831,3.6876599999999997,24.4848,20.1865,False
2.17187,6.4779599999999995,68.1912,21.8811,20.137999999999998,False
2.26114,6.35504,100.221,21.9158,20.1314,False
0.617318,7.78027,5.92796,17.8774,20.1253,False
0.194668,6.2313,3.33146,20.4021,20.1196,False
1.8998700000000002,6.49129,18.5594,22.199,20.1124,False
0.413199,7.27873,3.81362,16.3403,20.1115,False
2.91969,5.59157,31.0379,21.055,20.1059,False
1.0367899999999999,6.74167,7.7829999999999995,19.6765,20.1022,False
2.4024099999999997,6.1881699999999995,60.961999999999996,21.6177,20.0779,False
2.24085,6.40355,168.438,21.8507,20.0637,False
1.33816,7.844460000000001,93.0974,22.1982,20.0629,False
1.4388,7.63882,134.284,22.2452,20.0622,False
0.472203,7.4222399999999995,4.14529,17.4207,20.055999999999997,False
2.21037,6.46514,461.18800000000005,21.7933,20.0005,False
1.8857700000000002,6.92835,119.44200000000001,22.0622,19.9841,False
0.7539819999999999,7.36572,6.3176,17.494,19.9723,False
1.8161900000000002,6.04056,13.1345,23.2264,19.9571,False
1.82083,6.04309,13.1895,23.2471,19.9568,False
1.31613,7.90195,43.7094,22.0188,19.9543,False
1.7932700000000001,7.08402,197.734,22.0691,19.9325,False
1.6415799999999998,7.32008,83.1352,22.1695,19.9324,False
0.8444280000000001,5.5901,7.0416,25.8232,19.925,True
1.57776,7.43314,686.153,22.1319,19.9234,False
3.0866,5.5563199999999995,53.382,20.7699,19.883,False
0.443416,7.74251,4.30146,17.1071,19.8636,False
1.92144,6.912000000000001,138.28,21.9086,19.8598,False
1.81765,7.07757,343.898,21.9331,19.8307,False
1.01463,7.38667,8.73395,20.3639,19.8218,False
1.5245600000000001,7.5678399999999995,775.9910000000001,21.9585,19.794,False
0.9990479999999999,5.82515,7.22878,22.7753,19.7863,False
3.00703,5.69646,257.177,20.7795,19.699,False
2.34311,6.1548300000000005,22.9267,21.2905,19.6953,False
0.9039309999999999,7.45069,7.58559,18.764,19.6938,False
1.50282,6.022,9.97712,22.0098,19.6849,False
0.233158,7.76673,2.7034599999999998,13.9378,19.6631,False
3.06312,5.656680000000001,591.087,20.6513,19.6504,False
1.71121,7.04852,20.1385,21.6386,19.6253,False
0.264891,6.63121,2.9276400000000002,15.2336,19.6191,False
0.20012,6.07206,3.21612,21.7451,19.5904,False
0.11455699999999999,5.55848,3.5720099999999997,24.8486,19.5721,True
0.908166,6.218719999999999,6.29929,19.8396,19.562,False
0.254485,6.08045,3.4262599999999996,21.4789,19.5501,False
3.17076,5.583019999999999,656.9939999999999,20.3802,19.548,False
0.12407699999999999,7.539289999999999,2.04271,13.0436,19.5435,False
1.29578,7.73078,17.2005,21.7118,19.5401,False
0.15296400000000002,5.9939800000000005,3.13164,22.4682,19.5346,False
0.507214,7.60877,4.2852,16.6806,19.5342,False
0.709997,6.09783,5.39941,20.3046,19.5294,False
0.800129,7.0832,5.74084,17.3293,19.5097,False
0.670333,6.36851,4.9899,18.0808,19.5009,False
1.69934,5.78155,10.6654,22.5528,19.4163,False
0.392083,7.17122,3.50149,15.3698,19.375999999999998,False
0.8623370000000001,6.69423,5.8665400000000005,17.9224,19.3326,False
0.550358,5.7347,5.14571,24.2293,19.3085,False
0.266793,5.59502,4.11881,24.4902,19.2935,True
1.46842,7.85116,76.6802,21.2289,19.2828,False
1.0,8.0,10.0,21.377,19.2724,False
1.55633,7.5821,26.0253,21.104,19.2708,False
1.4568299999999998,7.888660000000001,208.94,21.1944,19.2472,False
1.83612,7.23313,413.23199999999997,21.2922,19.2324,False
1.86238,7.1942699999999995,54.9609,21.1845,19.2139,False
2.0,7.0,100.0,21.1538,19.1959,False
2.0,7.0,1000.0,21.1544,19.1959,False
1.58964,6.51064,11.1992,23.0892,19.1677,False
1.17259,7.28458,9.21987,21.0795,19.1649,False
1.51756,7.71667,27.8676,20.933000000000003,19.1403,False
2.53428,6.2996099999999995,57.17,20.6605,19.1371,False
0.512496,6.07573,4.3754800000000005,20.1732,19.0991,False
0.145491,6.106330000000001,2.68673,20.6661,19.0958,False
2.2495,6.64577,39.2485,20.9926,19.0612,False
1.4597200000000001,7.95706,240.11700000000002,20.9379,19.0527,False
2.1093,6.865310000000001,45.5708,20.9157,19.0204,False
0.110953,7.36077,1.9919200000000001,13.106,19.0183,False
0.174264,6.27375,2.61522,18.2474,19.0002,False
0.146774,6.16226,2.58022,19.7996,18.9735,False
0.24205300000000002,6.19854,2.9578900000000004,18.99,18.9616,False
0.233569,7.489789999999999,2.28295,12.4189,18.9551,False
1.3174,7.6803300000000005,14.0912,21.5008,18.9478,False
0.218469,5.78081,3.41318,22.9096,18.9335,False
1.8314099999999998,7.34244,78.3372,20.924,18.9142,False
0.9734309999999999,6.693510000000001,6.138999999999999,17.8252,18.887999999999998,False
1.87293,7.267760000000001,47.8517,20.8618,18.8877,False
0.512135,6.19574,4.0323,18.2722,18.8794,False
1.1754,6.44024,7.2504,18.8988,18.8454,False
1.8023900000000002,6.897660000000001,16.2889,21.3284,18.8101,False
1.85935,6.55859,14.0375,22.1049,18.792,False
0.492339,7.808389999999999,3.8804800000000004,15.3387,18.7892,False
0.278594,7.1966600000000005,2.70644,13.3851,18.7485,False
1.31891,5.92024,7.701219999999999,20.697,18.7422,False
0.697368,7.919510000000001,5.39151,16.2217,18.7394,False
3.25461,5.73575,640.134,19.6566,18.7238,False
0.454064,6.68774,3.43575,14.3785,18.7068,False
0.29440500000000003,7.0016,2.67064,12.9304,18.7045,False
0.39939,5.86315,3.90141,22.3282,18.6954,False
2.99784,5.98395,948.59,19.9285,18.6897,False
0.455211,6.18687,3.6877400000000002,18.1633,18.6647,False
0.186042,6.03894,2.71691,20.5449,18.6498,False
3.0,6.0,1000.0,19.8732,18.6267,False
3.0,6.0,100.0,19.8717,18.6267,False
0.16633299999999998,7.14054,1.98394,11.73,18.612000000000002,False
2.67195,6.24399,31.5902,19.9888,18.598,False
0.499842,5.60682,4.67192,23.9086,18.5966,True
1.7208299999999999,7.637160000000001,611.5269999999999,20.5232,18.584,False
2.3776900000000003,6.673939999999999,118.94200000000001,20.223,18.5778,False
0.51803,7.0091,3.7666199999999996,14.6646,18.5762,False
0.134694,6.4969,1.92596,14.8399,18.5722,False
1.7004,6.7484,12.4557,21.7957,18.5352,False
0.29086599999999996,7.74413,2.35454,11.3942,18.5304,False
2.34821,6.438219999999999,20.5497,20.1948,18.4527,False
1.67557,5.67126,9.28996,21.6674,18.4458,False
0.182589,7.55975,1.76173,11.1841,18.4409,False
0.188845,6.37857,2.2565,16.0651,18.4369,False
0.20435,6.28961,2.4302200000000003,17.1395,18.4229,False
0.606494,6.37412,3.87802,15.4461,18.4028,False
0.195931,7.228089999999999,2.08333,11.7681,18.3974,False
1.62894,7.874960000000001,334.695,20.22,18.3927,False
0.422965,6.577839999999999,2.9828,14.0991,18.387,False
2.9821299999999997,6.08683,69.2625,19.6099,18.379,False
2.28967,6.86417,182.58700000000002,20.0366,18.355999999999998,False
0.18371400000000002,6.43424,2.0804099999999996,15.2026,18.3257,False
0.11219200000000001,5.8953,2.45474,20.4683,18.3198,False
0.174898,7.991969999999999,1.7602200000000001,11.0975,18.3192,False
0.550607,6.27011,3.69567,16.2416,18.3107,False
1.66914,7.83604,277.04400000000004,20.1113,18.3003,False
2.13754,7.100110000000001,185.696,20.1176,18.2883,False
0.20311600000000002,6.407769999999999,2.1711099999999997,15.4555,18.2806,False
1.77922,6.41942,11.184000000000001,22.0401,18.2744,False
3.26678,5.85792,360.781,19.3085,18.2677,False
0.19935,5.59504,3.16374,23.0324,18.2628,True
0.10456199999999999,5.68878,2.6181,21.6938,18.2263,False
0.148871,7.6558600000000006,1.44329,10.5169,18.1835,False
0.153883,7.24395,1.71638,10.5363,18.1586,False
0.564362,6.1018,3.9525099999999997,18.5694,18.1475,False
0.23615500000000003,6.04976,2.5989999999999998,19.3802,18.1253,False
2.60511,6.43127,27.0657,19.3714,18.1009,False
0.109662,7.34276,1.5085,10.3772,18.0872,False
3.27789,5.90831,99.9519,19.131,18.0661,False
0.524832,7.78868,3.50841,14.2267,18.0609,False
1.6513799999999998,7.990189999999999,540.739,19.7174,18.0026,False
3.12949,6.067830000000001,79.7346,19.1627,17.9862,False
3.34683,5.87214,271.961,18.9802,17.9811,False
0.327318,6.51506,2.2970200000000003,13.9117,17.9745,False
1.05084,6.73793,5.8114,16.6856,17.9643,False
0.13332,7.35239,1.54431,10.4393,17.9563,False
0.261457,5.77102,3.00285,21.2872,17.9558,False
0.47745200000000004,6.09614,3.46178,18.4176,17.954,False
0.110929,6.6794899999999995,1.25137,12.0969,17.9211,False
2.3772599999999997,6.8966,589.477,19.5305,17.9133,False
1.90031,5.54179,9.784189999999999,21.4235,17.9128,False
3.06811,6.1479099999999995,78.7646,19.1695,17.9093,False
2.43256,6.82999,83.0035,19.4671,17.8936,False
2.2377,7.0959,921.3839999999999,19.6528,17.8904,False
0.14511500000000002,5.76704,2.4906599999999997,20.3692,17.8879,False
0.166711,5.8162400000000005,2.52083,20.2289,17.8835,False
0.258148,7.926,1.91555,10.388,17.8822,False
3.37185,5.88426,422.959,18.8601,17.8685,False
0.18976600000000002,5.61602,2.83123,22.1258,17.8639,True
2.01147,7.46105,157.256,19.5797,17.7984,False
0.108386,7.28428,1.3056,9.0178,17.7885,False
1.7619099999999999,7.184539999999999,14.4939,20.5605,17.7837,False
0.327785,6.83643,2.20571,11.5431,17.7776,False
2.3418,6.993860000000001,998.451,19.4075,17.7735,False
0.41122700000000006,7.321460000000001,2.60798,11.7314,17.7573,False
2.0,7.5,1000.0,19.5147,17.7398,False
2.0,7.5,100.0,19.5143,17.7398,False
0.30396100000000004,6.66805,1.99823,12.155,17.7373,False
0.165847,7.239389999999999,1.51586,9.373610000000001,17.7279,False
3.12416,6.15512,474.04,18.9858,17.7195,False
0.188446,7.32075,1.6484599999999998,10.2,17.6961,False
2.0,5.5,10.0,21.3791,17.6954,False
0.5028630000000001,5.9648,3.51416,19.5885,17.6945,False
0.1,8.0,1.0,8.84733,17.6835,False
1.91895,7.617780000000001,45.6005,19.4477,17.6819,False
1.52787,6.723039999999999,9.01918,19.8988,17.6612,False
2.6868,6.5995,686.5060000000001,19.1422,17.6191,False
3.12319,6.18872,366.39300000000003,18.9054,17.6148,False
0.571257,5.66847,4.196969999999999,22.0177,17.5939,True
0.188304,6.08748,2.06173,17.9001,17.5862,False
1.7864200000000001,7.915439999999999,85.0879,19.2404,17.5805,False
0.5723600000000001,6.534330000000001,3.16264,13.6079,17.5628,False
3.45369,5.89306,52.8986,18.5358,17.5478,False
1.9216,7.186660000000001,16.7153,19.8237,17.5343,False
1.8675700000000002,7.795089999999999,701.1289999999999,19.2405,17.5206,False
0.46316599999999997,7.05761,2.79157,11.6148,17.5121,False
0.361442,7.5086,2.11603,10.1988,17.5058,False
1.64562,7.981660000000001,20.689,18.915,17.4874,False
0.175526,6.2711,1.8248400000000002,15.9665,17.4799,False
1.60723,6.68403,9.22485,20.1097,17.442,False
1.97701,7.6551800000000005,211.761,19.1399,17.4243,False
3.19487,6.1852800000000006,749.102,18.6639,17.4171,False
0.1,7.0,1.0,9.29669,17.4053,False
0.12091099999999999,6.13868,1.672,17.0421,17.4043,False
0.1,7.5,1.0,8.9512,17.3894,False
0.141421,7.73375,0.993152,8.866389999999999,17.3893,False
2.5741099999999997,6.83034,192.513,18.877,17.367,False
3.73745,5.724019999999999,999.715,18.1172,17.3657,False
1.8919,7.817639999999999,475.66900000000004,19.0536,17.3656,False
3.7871300000000003,5.68115,985.184,18.0751,17.365,False
0.949284,7.92598,5.88169,15.6473,17.3528,False
0.297144,7.77933,1.67287,9.11035,17.3528,False
2.36259,7.122260000000001,264.378,18.9813,17.344,False
1.94003,7.58933,23.86,18.9068,17.336,False
1.47032,7.96594,13.6674,19.4061,17.3222,False
2.92251,5.80614,17.0665,20.0218,17.314,False
0.816718,6.24792,4.1053,15.3697,17.3089,False
2.18213,7.401160000000001,64.0017,18.8931,17.2902,False
0.21836999999999998,5.68656,2.52225,20.1282,17.2893,False
2.1487,7.45317,690.502,18.9383,17.285999999999998,False
0.275862,7.6071100000000005,1.57697,9.45102,17.2677,False
2.52255,5.99094,14.4734,21.0252,17.2648,False
2.95381,6.36723,28.6223,18.2311,17.2486,False
0.416182,6.58639,2.1475,12.1411,17.2463,False
0.455899,6.01829,2.97643,18.2934,17.2199,False
1.8796700000000002,7.766660000000001,24.9019,18.6573,17.2106,False
2.43712,7.06371,54.4889,18.7231,17.2106,False
0.326448,6.53445,1.7872,12.4326,17.1991,False
0.16184500000000002,6.69793,1.00431,10.4997,17.1922,False
1.83922,6.46398,10.1047,20.4628,17.1919,False
0.17691199999999999,6.664680000000001,1.06689,10.8363,17.1697,False
0.121674,7.52624,0.943298,8.44474,17.1562,False
2.49293,6.770589999999999,22.0325,18.6683,17.1487,False
0.118788,7.01245,0.891509,8.58099,17.1434,False
3.62629,5.8935,197.92700000000002,18.0035,17.1369,False
1.8628,7.97452,412.08,18.6998,17.1284,False
3.7456300000000002,5.79524,380.772,17.9191,17.1264,False
0.270097,7.25471,1.66362,9.00146,17.1173,False
2.0,6.0,10.0,20.6552,17.1128,False
1.7194,6.67859,9.54273,20.4698,17.1102,False
0.45847200000000005,7.1158,2.51594,10.5427,17.1064,False
0.14769000000000002,7.66936,0.884549,8.22193,17.0988,False
0.540138,5.5647199999999994,3.93295,21.9366,17.0945,True
3.3061800000000003,6.190930000000001,181.86900000000003,18.2795,17.0882,False
2.54525,6.98107,122.165,18.5711,17.0671,False
0.1,6.5,1.0,12.2711,17.0655,False
0.124222,6.71212,0.755524,9.840689999999999,17.0518,False
0.841073,6.7466800000000005,4.13119,13.3668,17.0448,False
0.120921,6.72502,0.7303850000000001,9.71687,17.0443,False
2.54989,6.98537,131.108,18.5407,17.0398,False
0.21335500000000002,6.82742,1.2553299999999998,10.1453,17.0367,False
1.25221,7.447960000000001,7.29488,17.6866,17.0355,False
0.26101199999999997,7.58557,1.38206,8.948889999999999,17.0341,False
3.0757,6.42293,98.1594,18.4238,17.0217,False
0.10460499999999999,6.905869999999999,0.798976,9.13288,17.0153,False
3.9504,5.66034,97.135,17.6684,17.0103,False
2.6011,6.93035,217.824,18.482,17.0024,False
3.0,6.5,1000.0,18.4337,16.9967,False
3.0,6.5,100.0,18.4325,16.9967,False
0.2235,6.80652,1.22258,10.1167,16.9806,False
0.43488999999999994,7.61843,2.1120200000000002,9.3412,16.9786,False
0.17782,8.0,1.0,7.906439999999999,16.9631,False
0.603715,7.404539999999999,2.9422,10.4016,16.9489,False
2.91952,6.49158,27.6517,17.9351,16.9373,False
0.101875,6.14109,1.30551,15.9159,16.9288,False
0.17782,7.0,1.0,8.47138,16.9012,False
0.513994,7.83517,2.64259,10.7161,16.8983,False
1.92078,7.60073,18.8096,18.517,16.883,False
0.24829400000000001,7.5538,1.2360799999999998,8.40327,16.8766,False
2.61049,6.96921,84.8565,18.3308,16.8714,False
0.263453,7.1172,1.40841,8.26954,16.8693,False
0.276685,6.45109,1.5028299999999999,12.4453,16.8301,False
0.14035,7.427910000000001,0.910062,7.732139999999999,16.8247,False
0.17782,7.5,1.0,8.02112,16.8238,False
0.108965,7.31238,0.679524,6.7079,16.771,False
3.14605,6.44494,106.25399999999999,18.1437,16.7628,False
2.21755,7.56848,87.9659,18.2842,16.7477,False
0.207446,6.34436,1.4102299999999999,13.7944,16.7366,False
0.448535,7.024439999999999,2.10042,9.529630000000001,16.7354,False
0.123341,7.652939999999999,0.579256,6.91471,16.7117,False
2.27867,5.50776,10.0087,20.4405,16.7094,False
0.12408399999999999,5.96508,1.45235,16.151,16.6967,False
0.18689,7.35502,1.0239200000000002,7.25495,16.6939,False
0.116282,7.88963,0.43777,6.98325,16.6901,False
0.17782,6.5,1.0,11.5162,16.6882,False
0.156112,6.50983,0.90161,11.3363,16.6814,False
0.20893299999999998,6.111680000000001,1.56515,15.9536,16.6808,False
0.199775,6.15826,1.47374,15.5684,16.6524,False
0.202234,6.8395,0.884173,9.12771,16.6487,False
0.163471,7.2249,0.782392,6.80682,16.6333,False
3.74086,5.9713400000000005,106.06,17.4756,16.6144,False
0.10303499999999999,7.097810000000001,0.45649799999999996,6.737710000000001,16.6079,False
2.26385,6.90803,16.1264,19.2792,16.6062,False
0.149641,6.09184,1.33951,15.5778,16.6056,False
0.276472,7.3604199999999995,1.34521,8.17882,16.602999999999998,False
0.7041109999999999,7.38784,3.21022,10.4161,16.6016,False
0.129613,7.834789999999999,0.48547799999999997,6.883430000000001,16.6002,False
0.10479300000000001,5.76085,1.47092,16.838,16.5944,False
0.186872,5.72874,1.8507200000000001,17.8308,16.5943,False
0.250141,7.23049,1.20011,7.3975,16.5878,False
2.0459099999999997,6.00859,9.50809,19.9835,16.5828,False
0.125529,7.11295,0.549014,6.8997,16.5714,False
0.141493,6.87078,0.554207,8.22525,16.5707,False
0.257238,7.92477,1.08133,7.38808,16.569000000000003,False
0.102011,5.81021,1.40124,16.5038,16.5686,False
2.85074,6.79099,884.346,17.964000000000002,16.5621,False
2.0,8.0,1000.0,18.022000000000002,16.541,False
2.0,8.0,100.0,18.0217,16.541,False
0.533169,6.18182,2.62699,15.1972,16.5386,False
0.128512,6.604710000000001,0.46751899999999996,9.29449,16.5303,False
0.36691599999999996,5.630809999999999,2.7037400000000003,19.7775,16.5273,False
2.9092599999999997,6.745019999999999,117.777,17.937,16.5256,False
2.76264,5.78825,13.7346,19.9589,16.5215,False
2.4639,7.3120899999999995,210.793,18.0585,16.5131,False
0.18667999999999998,7.83593,0.657199,7.022410000000001,16.5051,False
0.11928,6.04971,1.21434,15.3051,16.4874,False
0.374713,5.9694400000000005,2.2290099999999997,17.1583,16.4795,False
0.11246300000000001,6.75928,0.18362799999999999,7.67395,16.4671,False
0.210835,6.37131,1.20118,12.9284,16.4563,False
0.14363,7.1673800000000005,0.546567,6.34002,16.4464,False
4.09872,5.71521,56.0939,17.1324,16.4427,False
0.265102,6.94385,0.999466,8.12605,16.4375,False
0.11783800000000001,6.70467,0.191074,7.8803399999999995,16.4361,False
0.15371500000000002,7.53465,0.656717,6.77689,16.4345,False
0.119402,6.007709999999999,1.1988,15.2278,16.4306,False
3.36691,6.341080000000001,51.3957,17.6807,16.4298,False
0.11415399999999999,7.04258,0.320996,6.47118,16.4266,False
0.112577,7.903739999999999,0.254811,6.34513,16.4251,False
0.5653,5.593319999999999,3.5095699999999996,20.709,16.4225,True
3.05662,6.64399,828.52,17.8269,16.4136,False
0.12206900000000001,6.772289999999999,0.14931,7.517110000000001,16.413,False
0.126468,6.2891900000000005,0.944207,13.4886,16.4102,False
0.160824,6.89802,0.549437,7.85288,16.4006,False
0.126461,6.674810000000001,0.21271500000000002,7.9791,16.3995,False
0.19089,7.8390699999999995,0.608395,6.81244,16.3944,False
0.991149,6.6599699999999995,4.16143,12.8079,16.3751,False
0.104497,5.5914,1.3659999999999999,17.1075,16.3714,False
0.12005299999999999,6.844860000000001,0.20066900000000001,7.3646199999999995,16.3625,False
0.229751,7.303960000000001,0.950232,6.524769999999999,16.3573,False
0.672553,7.6749600000000004,2.97053,10.0478,16.3454,False
1.76168,5.8136,7.46585,18.7688,16.3424,False
0.10396400000000001,7.00559,0.234296,6.5602100000000005,16.3384,False
0.11366,5.67289,1.37316,16.509,16.3309,False
0.10706500000000001,6.63007,0.133444,7.733060000000001,16.3253,False
0.221072,7.07618,0.783104,7.0148,16.322,False
0.153705,6.616339999999999,0.349019,8.56156,16.3213,False
0.133035,7.88848,0.288456,6.211790000000001,16.3188,False
2.0,6.5,10.0,19.9305,16.3178,True
0.23638800000000001,6.717789999999999,0.570847,8.60915,16.3145,False
0.25551199999999996,5.68098,1.97544,17.9924,16.3109,False
0.323901,6.74822,1.0791899999999999,9.46045,16.3106,False
0.252803,6.73618,0.684605,8.776539999999999,16.3096,False
0.1,6.0,1.0,14.5335,16.3044,False
2.60811,6.803539999999999,19.6095,18.0192,16.2986,False
0.122018,7.35157,0.42563599999999996,5.88857,16.2979,False
0.19359400000000002,6.50134,0.742201,10.5747,16.297,False
4.17244,5.72426,107.978,16.9625,16.2959,False
0.14938800000000002,6.699110000000001,0.197966,7.86753,16.2946,False
0.22886599999999999,7.61326,0.760286,6.651110000000001,16.2932,False
0.1076,7.84819,0.191038,5.98709,16.2896,False
2.7480700000000002,6.69217,20.9171,17.9328,16.2857,False
0.298749,6.39066,1.32697,12.2342,16.284000000000002,False
0.1,8.0,0.1,5.8406400000000005,16.2759,False
0.126155,6.59432,0.243456,8.29748,16.2751,False
3.7652699999999997,6.07397,70.4682,17.058,16.2548,False
0.12209400000000001,6.89265,0.192954,7.06032,16.2545,False
0.11346300000000001,7.05877,0.12979300000000002,5.77151,16.2397,False
0.124548,5.74759,1.26486,15.8966,16.2154,False
0.1,7.0,0.1,6.20449,16.2101,False
0.132661,7.112480000000001,0.24526599999999998,5.82308,16.2066,False
0.177424,7.69337,0.443812,5.96079,16.2061,False
0.483964,6.47884,1.6993099999999999,11.1934,16.2058,False
2.4544900000000003,7.13628,20.649,17.6954,16.203,False
0.166019,6.4259699999999995,0.7810060000000001,11.4001,16.2002,False
0.160664,6.86752,0.271396,7.246460000000001,16.1898,False
0.178556,6.712789999999999,0.21475300000000003,7.7907,16.1893,False
2.36328,7.178789999999999,18.9966,17.8341,16.1785,False
0.131848,7.722389999999999,0.178296,5.33499,16.168,False
0.163939,6.816339999999999,0.159154,7.21035,16.16,False
0.330264,6.41642,1.26177,11.5835,16.157,False
0.28420700000000004,7.520639999999999,0.980526,6.78755,16.1481,False
4.02093,5.90395,236.28099999999998,16.9369,16.1414,False
0.224624,6.8646199999999995,0.546271,7.67852,16.134,False
0.819084,6.819310000000001,3.19937,11.2382,16.1306,False
0.12483599999999999,6.23428,0.77442,13.3712,16.13,False
0.121433,6.98953,0.11446500000000001,6.18133,16.1281,False
0.31624,6.5,1.0,10.5389,16.1268,False
0.166759,7.66845,0.337484,5.48704,16.1267,False
0.31624,7.0,1.0,7.4142399999999995,16.1151,False
0.17063699999999998,7.061160000000001,0.31974400000000003,6.0729999999999995,16.115,False
0.18779200000000001,6.6341,0.258959,8.02203,16.1117,False
0.24936,6.740469999999999,0.44643299999999997,8.19014,16.1053,False
3.7921099999999996,6.107419999999999,81.5257,16.9697,16.1025,False
0.186039,6.676410000000001,0.185375,7.762569999999999,16.0985,False
0.14063599999999998,7.312360000000001,0.3107,5.4364,16.0961,False
0.210236,6.696289999999999,0.281013,7.946689999999999,16.096,False
0.873816,7.183389999999999,3.58774,11.0591,16.0937,False
0.323175,6.95592,0.9657120000000001,7.58361,16.0899,False
0.2199,7.2211,0.610604,5.75298,16.0836,False
0.12365,7.2012100000000006,0.11336800000000001,4.947019999999999,16.0833,False
0.379863,6.34145,1.51794,12.3701,16.0778,False
0.690642,6.1563099999999995,2.84518,14.4601,16.0651,False
0.148957,6.89885,0.128861,6.68527,16.0645,False
0.183901,6.877160000000001,0.260177,7.039810000000001,16.0544,False
0.106025,7.36028,0.112495,5.25789,16.052,False
3.60659,6.28404,286.44,17.1529,16.0497,False
0.123761,7.51001,0.232977,5.38724,16.0409,False
2.63613,7.1863399999999995,30.0284,17.3385,16.0382,False
3.0312200000000002,6.804710000000001,67.1167,17.3306,16.0281,False
0.253414,7.58605,0.6818029999999999,6.00079,16.0161,False
0.1,5.5,1.0,16.6731,16.0133,False
0.13897400000000001,7.422039999999999,0.304051,5.48285,16.0044,False
0.1,7.5,0.1,5.26395,16.000999999999998,False
0.11226900000000001,6.493180000000001,0.251474,9.19137,15.9992,False
0.648671,6.05096,2.7696,15.6397,15.9839,False
0.213191,6.7083,0.147695,7.522880000000001,15.9734,False
0.31624,7.5,1.0,6.5778300000000005,15.9636,False
0.466355,6.74373,1.48244,9.34408,15.9625,False
0.150819,7.66825,0.148302,4.98387,15.9611,False
0.154656,6.56268,0.113022,7.758369999999999,15.9593,False
0.53868,6.31542,1.9392,12.2734,15.9592,False
0.341505,7.033689999999999,0.9943879999999999,6.894760000000001,15.9568,False
0.5939800000000001,7.0033199999999995,2.12354,8.69154,15.9526,False
0.102899,6.0412099999999995,0.672341,13.127,15.9514,False
0.343644,7.32702,1.1579700000000002,6.78863,15.9481,False
0.348288,6.86533,0.910067,7.9615800000000005,15.9461,False
0.43318,5.86874,2.19827,16.6617,15.943,False
0.31624,8.0,1.0,6.821689999999999,15.9385,False
3.40234,6.50021,60.6219,17.131,15.9377,False
0.22605799999999998,6.84497,0.27494,7.115460000000001,15.9352,False
0.16906,6.967210000000001,0.112149,6.10374,15.9321,False
0.100273,6.363519999999999,0.42301000000000005,11.0037,15.931,False
0.33963899999999997,6.78718,0.802284,8.52943,15.9295,False
0.17782,7.0,0.1,5.7733300000000005,15.9253,False
0.17782,6.0,1.0,14.1603,15.9243,False
3.4182099999999997,6.49829,99.3638,17.199,15.9194,False
0.8504450000000001,6.00871,3.45601,15.775,15.9143,False
3.3338699999999997,6.574660000000001,143.447,17.2409,15.9132,False
1.26,6.570989999999999,4.9737,14.2363,15.912,False
0.127179,6.48694,0.233087,9.04718,15.9066,False
0.215745,6.15031,0.953105,13.9391,15.9036,False
2.8067,7.111039999999999,406.798,17.257,15.9036,False
0.1,6.5,0.1,8.536810000000001,15.9015,False
0.233131,7.439989999999999,0.6299779999999999,5.79281,15.9007,False
0.220975,6.656439999999999,0.13941099999999998,7.53797,15.8934,False
1.1751200000000002,5.86946,4.84287,17.7516,15.8901,False
0.15745699999999999,7.527710000000001,0.228746,5.19086,15.8868,False
0.125816,6.00237,0.711856,12.9163,15.8856,False
0.27000599999999997,7.08867,0.608521,6.161919999999999,15.8842,False
0.44380200000000003,7.24661,1.56931,7.35645,15.8832,False
0.226865,7.43118,0.579759,5.69562,15.8704,False
0.369946,6.55727,0.861431,9.40387,15.8631,False
0.273237,6.70936,0.29483899999999996,7.75621,15.8627,False
0.196222,7.74648,0.250812,5.20291,15.8536,False
0.172735,7.22167,0.120234,4.7224900000000005,15.8454,False
2.58892,6.53081,14.8439,18.7948,15.8412,False
0.974355,6.00402,3.82796,15.5133,15.8367,False
0.20859899999999998,5.71903,1.32526,15.6795,15.8333,False
0.50389,6.879510000000001,1.48712,8.268939999999999,15.8297,False
0.19866,6.94693,0.11218800000000001,6.159680000000001,15.8237,False
4.1324,5.930280000000001,404.444,16.6054,15.8197,False
0.262588,6.58074,0.346636,8.22115,15.8162,False
0.162905,7.65297,0.100605,4.83272,15.8159,False
0.153508,5.73424,1.00512,14.751,15.8139,False
0.21293299999999998,7.78234,0.32745100000000005,5.45418,15.7921,False
0.125572,6.4797199999999995,0.13681500000000002,8.69363,15.7901,False
0.18679400000000002,7.9234,0.144005,5.2283800000000005,15.789000000000001,False
0.155602,7.55306,0.109128,4.9101,15.7877,False
0.392963,6.75662,0.904594,8.691939999999999,15.7873,False
0.149048,7.491060000000001,0.123872,5.00393,15.7854,False
0.20611999999999997,7.98106,0.24551399999999998,5.278580000000001,15.779000000000002,False
0.8348620000000001,6.40376,2.7553400000000003,11.567,15.7744,False
0.26745,5.58338,1.63037,16.7356,15.7696,False
0.326818,5.55616,1.92363,17.5953,15.7666,False
0.30490100000000003,5.8868599999999995,1.4246299999999998,15.0812,15.7645,False
0.233748,6.99215,0.172299,5.79968,15.7633,False
0.17782,8.0,0.1,5.0340300000000004,15.7614,False
0.16925,6.0873099999999996,0.741925,13.5213,15.7478,False
3.8966300000000005,6.0665,34.7879,16.9103,15.7463,False
0.433776,6.79413,1.10525,8.58423,15.7448,False
0.44882799999999995,6.24611,1.64167,13.0096,15.7417,False
2.9496700000000002,7.000319999999999,482.526,17.0631,15.7366,False
0.275144,6.9408,0.339654,6.4239999999999995,15.7359,False
0.147547,5.6555599999999995,0.9249629999999999,14.8704,15.7304,False
0.13003399999999998,6.35907,0.35128899999999996,10.5979,15.7285,False
0.272638,6.800510000000001,0.143688,6.97587,15.716,False
0.194081,7.653810000000001,0.13281600000000002,4.7312199999999995,15.7086,False
0.7487560000000001,7.59443,2.72457,8.494439999999999,15.7069,False
3.39014,6.59355,54.7203,16.9814,15.7022,False
1.6833200000000001,6.872439999999999,7.602519999999999,17.3562,15.6951,False
0.182804,5.924930000000001,0.805118,13.1495,15.6949,False
0.283804,6.8582399999999994,0.29239,6.84322,15.6909,False
0.18776800000000002,7.63472,0.105003,4.68998,15.687000000000001,False
2.58564,7.5044699999999995,62.5572,17.0256,15.6867,False
3.20411,6.70534,35.3821,17.1135,15.6852,False
0.24695300000000003,7.0231699999999995,0.172969,5.58427,15.682,False
2.32985,7.521210000000001,19.8285,17.1048,15.6797,False
2.8552299999999997,7.14838,423.551,17.002,15.6759,False
0.17782,5.5,1.0,16.1732,15.6722,False
0.117112,6.42066,0.136939,9.283,15.6696,False
2.62907,6.11991,12.3613,19.7739,15.6658,True
0.17782,6.5,0.1,8.04301,15.6584,False
0.362953,6.37945,1.00902,10.9273,15.6553,False
0.11223699999999999,6.0121199999999995,0.357023,11.4052,15.6513,False
0.241785,7.116789999999999,0.166738,4.92288,15.6447,False
0.17782,7.5,0.1,4.781680000000001,15.6329,False
2.31638,7.9275899999999995,744.1419999999999,16.9407,15.6309,False
0.1,5.5,0.1,13.0031,15.6286,False
0.409487,6.819710000000001,0.8481069999999999,7.896610000000001,15.6279,False
2.42275,7.73804,45.7999,16.9185,15.6239,False
0.29089899999999996,6.593310000000001,0.19587100000000002,7.641939999999999,15.6106,False
0.11951600000000001,6.17968,0.297784,11.6261,15.6102,False
0.42851300000000003,6.494669999999999,0.885683,9.453439999999999,15.6087,False
3.0,7.0,100.0,16.9013,15.6079,False
3.0,7.0,1000.0,16.9022,15.6079,False
0.105494,6.08996,0.19193,10.8415,15.6053,False
3.14569,5.98203,15.3899,18.7907,15.5925,True
3.90127,6.20525,77.5795,16.4494,15.5897,False
0.34202,6.30486,1.04903,11.8772,15.5813,False
2.6649700000000003,7.447360000000001,361.279,16.9348,15.5806,False
0.266413,7.097639999999999,0.203725,5.02393,15.5805,False
2.61717,7.429410000000001,31.9697,17.0201,15.5791,False
0.312,7.588239999999999,0.552655,5.35131,15.5784,False
0.5860449999999999,6.820239999999999,1.53094,8.21337,15.5643,False
1.17755,7.804860000000001,5.19475,12.9957,15.557,False
0.161401,5.78671,0.707912,13.3025,15.5455,False
1.1009,5.93241,4.13689,16.0895,15.5448,False
0.689234,6.0302,2.5584700000000002,15.009,15.5345,False
0.120223,6.07303,0.15419000000000002,10.6125,15.5282,False
0.272142,7.083989999999999,0.139665,4.93243,15.5258,False
0.31595300000000004,5.84176,1.28084,14.6842,15.5172,False
0.17868699999999998,6.05598,0.53289,12.2038,15.5165,False
0.293185,7.19235,0.339206,4.824330000000001,15.5151,False
0.237857,7.34658,0.200731,4.81376,15.5108,False
0.430209,7.59664,1.09666,6.47295,15.5095,False
3.3965099999999997,6.633319999999999,43.6116,16.9644,15.5069,False
0.336853,7.715310000000001,0.691991,5.844930000000001,15.5062,False
0.18167,5.83922,0.676484,12.8126,15.4981,False
2.6968,7.442360000000001,830.227,16.8278,15.4981,False
3.43689,6.5503800000000005,31.4137,16.6587,15.4959,False
3.5917199999999996,6.5052,120.27,16.6985,15.4956,False
0.1,6.0,0.1,10.3224,15.495,False
3.96832,6.18759,216.889,16.3553,15.494000000000002,False
0.22154899999999997,7.48256,0.15529600000000002,4.68584,15.4916,False
0.432266,5.60654,2.1156599999999997,17.5396,15.4871,False
0.525502,6.971139999999999,1.30065,6.8895100000000005,15.4781,False
0.1081,5.6418099999999995,0.13552999999999998,11.6475,15.4751,False
0.147533,6.35459,0.14147200000000001,9.77384,15.4744,False
0.836159,5.72048,3.50161,18.1563,15.4638,False
0.286208,7.23584,0.283783,4.72394,15.4587,False
0.16508699999999998,5.878340000000001,0.48813900000000005,11.84,15.4584,False
0.12031800000000001,5.65955,0.308526,12.4217,15.4462,False
0.422838,5.95364,1.57356,14.6849,15.4419,False
0.378971,6.56663,0.404649,8.14278,15.44,False
0.140157,6.2533900000000004,0.135991,10.6447,15.4395,False
0.30349499999999996,6.2468699999999995,0.8567450000000001,12.1648,15.439,False
0.17782,5.5,0.1,12.579,15.4386,False
0.210153,5.5972599999999995,0.889561,14.7876,15.4386,False
1.74922,6.46028,6.737489999999999,16.0356,15.4348,False
2.0,7.0,10.0,18.6565,15.4345,False
2.53345,7.48102,23.0303,16.7221,15.4318,False
0.35434899999999997,5.91057,1.2775299999999998,14.1987,15.4312,False
0.11929100000000001,5.86948,0.237749,10.93,15.4312,False
0.53181,7.08512,1.40399,6.6745,15.4221,False
0.361452,6.592630000000001,0.265282,7.74627,15.4185,False
0.249073,6.21085,0.6267199999999999,12.1842,15.4139,False
0.362373,6.569939999999999,0.272895,7.760039999999999,15.4085,False
0.249745,7.4824,0.181171,4.59898,15.4011,False
1.90895,6.8570899999999995,8.6311,18.7318,15.401,True
0.10347,5.8185,0.145796,10.7159,15.4006,False
0.206315,6.37942,0.25002199999999997,9.529810000000001,15.3987,False
0.31624,6.0,1.0,13.5969,15.397,False
0.31624,7.0,0.1,5.22814,15.3956,False
0.263466,5.89872,0.8141550000000001,12.8506,15.3953,False
0.488907,7.8352699999999995,1.28731,6.35849,15.3912,False
0.112142,5.80251,0.168251,10.8704,15.3784,False
3.6910800000000004,6.46698,208.40099999999998,16.5166,15.3726,False
0.171112,6.0357400000000005,0.22255300000000003,10.8236,15.3674,False
0.756163,7.928030000000001,2.7711200000000002,9.59913,15.3665,False
0.422067,5.58416,1.9618,17.0672,15.3656,False
0.139389,5.6634400000000005,0.22143400000000002,11.8748,15.3624,False
0.248402,7.9951300000000005,0.10639900000000001,4.38975,15.3575,False
0.161299,5.67016,0.47632399999999997,12.908,15.3574,False
0.15487,5.93419,0.185793,10.7352,15.3546,False
0.48816800000000005,7.3762,1.22282,6.00568,15.3484,False
0.14748699999999998,5.65414,0.178488,11.729000000000001,15.3448,False
1.2697,7.1024899999999995,4.75774,12.8153,15.3415,False
2.8559099999999997,7.2093,30.2817,16.547,15.3368,False
0.397818,6.59276,0.31258,7.796460000000001,15.3342,False
0.190189,5.569380000000001,0.505292,13.7095,15.3331,False
0.387075,7.697310000000001,0.783176,5.85928,15.333,False
0.140521,5.88989,0.127442,10.4914,15.3258,False
3.5366,6.619789999999999,115.816,16.589000000000002,15.3234,False
0.163178,5.75376,0.43154,12.0798,15.322000000000001,False
0.156493,5.6898,0.334357,12.1685,15.3118,False
0.272622,7.424639999999999,0.200561,4.561780000000001,15.3096,False
0.387104,7.06577,0.473393,5.43317,15.3066,False
3.14368,6.633789999999999,20.975,16.7255,15.3045,False
3.25352,5.6077699999999995,13.2292,17.7575,15.304,False
0.232898,5.91337,0.547517,11.9681,15.300999999999998,False
0.297585,7.31295,0.20858200000000002,4.59738,15.2949,False
3.7088099999999997,6.4828,515.643,16.4365,15.2932,False
0.27930900000000003,7.934310000000001,0.18618099999999999,4.5313099999999995,15.2912,False
0.399523,6.63775,0.216088,7.4123,15.2897,False
0.31624,6.5,0.1,7.43233,15.2896,False
0.23162,5.52548,0.673474,14.4522,15.2855,False
0.562,6.5,1.0,9.08719,15.2854,False
2.2074700000000003,7.59698,15.5801,17.3932,15.2829,False
0.22197399999999998,5.52329,0.320977,13.1423,15.2827,False
2.91075,7.25737,102.042,16.5645,15.2821,False
0.875446,6.41528,2.37365,10.7187,15.2769,False
0.29875100000000004,7.52383,0.23636300000000002,4.44718,15.2734,False
0.800417,7.7819,2.78761,8.73835,15.2722,False
0.37585,7.0271,0.30459899999999995,5.28602,15.2656,False
0.248671,5.55754,0.794758,14.5128,15.258,False
0.361714,6.19057,0.917581,12.5614,15.255,False
0.240342,5.99949,0.41813599999999995,11.4287,15.252,False
0.33365100000000003,5.7367300000000006,1.21624,14.7536,15.2479,False
0.17782,6.0,0.1,10.2909,15.2452,False
0.62348,6.7871,1.32332,7.858969999999999,15.2451,False
0.236706,5.84566,0.551967,12.0318,15.2287,False
0.425558,5.995080000000001,1.28177,14.0231,15.2251,False
0.389708,7.79024,0.6503220000000001,5.403490000000001,15.2247,False
3.91625,6.33425,313.914,16.201,15.2212,False
0.29083200000000003,5.50335,0.9889600000000001,15.2561,15.220999999999998,False
0.41077700000000006,6.92478,0.203629,5.69152,15.2194,False
0.21974699999999997,6.20772,0.17838800000000002,10.7944,15.2181,False
0.5006520000000001,6.55187,0.608297,8.31594,15.2158,False
2.7259900000000004,7.540439999999999,291.181,16.500999999999998,15.2134,False
0.442643,6.690639999999999,0.307861,7.29898,15.2121,False
1.54788,6.98677,6.0760000000000005,14.3029,15.2107,False
0.40715,6.50995,0.271111,7.7565100000000005,15.2081,False
0.770798,6.43789,1.83011,10.0303,15.2063,False
0.187303,5.7049900000000004,0.325176,11.9234,15.2053,False
2.84289,7.34622,41.275,16.5963,15.1877,False
0.22196,6.0709,0.11968599999999999,10.2442,15.1871,False
0.33116599999999996,6.24097,0.681212,11.5583,15.1849,False
0.29338800000000004,7.3773,0.10298199999999999,4.395490000000001,15.1837,False
0.31624,5.5,0.1,12.1561,15.1791,False
0.276375,6.13656,0.412434,11.7166,15.1706,False
0.843567,7.384410000000001,2.67705,8.184610000000001,15.1664,False
0.8655120000000001,6.557360000000001,2.38223,10.0081,15.1639,False
0.670968,6.861860000000001,1.46707,7.29525,15.157,False
0.46299300000000004,6.66562,0.281844,7.25652,15.1513,False
0.297638,7.975219999999999,0.155654,4.21422,15.1488,False
0.25640999999999997,6.11733,0.209654,10.6405,15.1474,False
1.9868299999999999,7.37062,10.7299,18.0691,15.1469,False
0.524968,6.828530000000001,0.722827,6.940360000000001,15.1401,False
0.31624,5.5,1.0,15.1329,15.14,False
0.9769639999999999,7.656789999999999,3.5303199999999997,10.4525,15.1354,False
0.212065,5.70983,0.351773,11.9388,15.1335,False
0.43572,7.1947600000000005,0.5966279999999999,4.94254,15.1237,False
0.407558,7.316139999999999,0.582343,4.82814,15.1222,False
0.442188,6.7314,0.16006700000000001,6.66068,15.1197,False
0.771646,5.94957,2.57695,15.379000000000001,15.1191,False
4.49153,5.913119999999999,351.50699999999995,15.8334,15.1165,False
3.7246599999999996,6.54033,215.52599999999998,16.2725,15.1133,False
0.238177,5.66792,0.441712,12.4921,15.1097,False
0.582249,6.035769999999999,1.72016,14.2093,15.1033,False
0.812462,6.19765,2.22302,12.0137,15.1011,False
2.7507200000000003,6.50015,14.0605,18.3884,15.0937,False
0.516353,6.1830300000000005,1.29969,12.5206,15.0897,False
0.24751700000000001,5.64856,0.387772,12.4431,15.0894,False
0.562,7.0,1.0,5.86109,15.0798,False
0.31624,7.5,0.1,4.07331,15.0757,False
0.606729,6.65425,1.01776,8.22075,15.0739,False
0.29840500000000003,5.577030000000001,0.182884,11.7803,15.0659,False
0.33666399999999996,7.5418899999999995,0.15467,4.03388,15.0641,False
2.6103099999999997,7.7785899999999994,80.9112,16.3051,15.0607,False
0.28071199999999996,5.60799,0.284393,12.0036,15.0503,False
0.352854,7.40228,0.248585,4.2878300000000005,15.0465,False
2.96136,7.30518,250.858,16.2982,15.0453,False
1.17517,6.4843,3.5403,11.568,15.0338,False
0.49751000000000006,6.80653,0.49239099999999997,6.93377,15.0318,False
0.705152,6.80289,1.4199700000000002,7.440810000000001,15.0314,False
0.302061,5.6010800000000005,0.16914500000000002,11.4945,15.03,False
2.71045,7.653410000000001,386.61400000000003,16.3,15.0285,False
0.432255,6.49057,0.142144,7.37087,15.0253,False
0.488759,6.53329,0.270313,7.58753,15.015,False
0.759645,6.907089999999999,1.7894900000000002,7.46126,15.0099,False
0.307737,5.59795,0.609826,13.1929,15.007,False
0.33169299999999996,6.13561,0.355871,11.27,15.0063,False
0.38000500000000004,6.34675,0.44821000000000005,9.634789999999999,15.002,False
0.290819,5.63511,0.48438400000000004,12.6407,14.9996,False
0.313723,5.58097,0.48504899999999995,12.7918,14.9994,False
2.5994200000000003,7.790719999999999,44.6338,16.2179,14.9955,False
0.31624,8.0,0.1,3.97709,14.9923,False
0.337559,6.10259,0.330556,11.0034,14.981,False
2.47959,6.58135,11.7092,18.6109,14.9792,True
0.24602100000000002,5.76825,0.158842,11.0034,14.9777,False
0.36627600000000005,5.5419,0.235589,12.0282,14.9774,False
0.476412,7.25356,0.688843,4.88016,14.977,False
0.48900299999999997,6.558889999999999,0.141552,7.262060000000001,14.9659,False
2.91396,7.40896,180.505,16.211,14.9632,False
0.30648200000000003,6.21439,0.11424400000000001,10.1173,14.9584,False
0.467291,6.819889999999999,0.168732,6.32016,14.950999999999999,False
2.97403,7.22065,27.5237,15.9714,14.9476,False
0.315212,5.64175,0.430804,12.25,14.9268,False
0.445578,5.53848,0.107029,11.4846,14.9246,False
0.284667,5.93406,0.11081300000000001,10.525,14.9174,False
0.31343499999999996,5.66148,0.465054,12.2522,14.9124,False
4.99071,5.61656,52.7714,15.4231,14.909,False
0.511426,6.954389999999999,0.289596,5.33287,14.9027,False
0.47223999999999994,6.36292,0.549081,9.43853,14.9012,False
0.41773699999999997,7.8514,0.485996,4.7337,14.8988,False
0.5625859999999999,7.7549600000000005,1.19248,5.7865400000000005,14.8946,False
0.422634,7.8078199999999995,0.478495,4.77498,14.8847,False
0.406148,7.84082,0.382787,4.5461599999999995,14.8672,False
0.891753,6.3151,1.9663,10.5628,14.8624,False
5.0088099999999995,5.599,45.5261,15.6844,14.8585,False
0.36901100000000003,6.294569999999999,0.25598000000000004,9.645610000000001,14.8528,False
2.79886,7.623889999999999,729.095,16.0639,14.8496,False
0.562,7.5,1.0,5.1876,14.8488,False
1.07863,7.229189999999999,3.3944400000000003,9.0107,14.8467,False
0.31624,6.0,0.1,10.2405,14.8452,False
2.9317,7.445460000000001,213.155,16.0738,14.8441,False
0.8786860000000001,7.56115,2.52129,7.320589999999999,14.8348,False
0.561773,6.65322,0.226836,6.808160000000001,14.8298,False
0.562,5.5,0.1,11.4195,14.8284,False
0.499276,7.6505600000000005,0.776342,5.21928,14.8258,False
3.0,5.5,10.0,17.8473,14.8226,False
0.562602,6.7142,0.325726,6.770519999999999,14.8101,False
0.44578500000000004,7.21707,0.156662,4.14989,14.81,False
0.9238200000000001,5.53751,3.47548,18.0494,14.7953,False
0.529203,7.04104,0.289948,4.72699,14.7834,False
0.348118,5.741169999999999,0.443622,11.8459,14.7832,False
0.390266,7.7994699999999995,0.21168299999999998,4.05776,14.7816,False
4.78641,5.83481,112.333,15.3656,14.7766,False
0.46315100000000003,7.45287,0.40077399999999996,4.289,14.7661,False
0.384755,6.3147199999999994,0.10478900000000001,9.0745,14.7651,False
0.7342069999999999,6.2861199999999995,1.3465,10.5444,14.7642,False
1.1694,7.4157399999999996,3.8973199999999997,10.6554,14.7576,False
1.2590000000000001,6.90033,3.93143,11.007,14.7553,False
5.03033,5.68093,217.995,15.1212,14.7523,False
3.22958,7.13293,101.895,15.9326,14.7492,False
0.46791499999999997,5.59891,0.13162100000000002,10.9648,14.7481,False
0.42374300000000004,5.94744,0.545968,11.8092,14.748,False
0.562,6.5,0.1,7.17409,14.7457,False
1.8254,5.9996,5.798430000000001,15.699000000000002,14.7455,False
0.37508400000000003,6.04927,0.102262,10.0864,14.7424,False
2.2046200000000002,7.735310000000001,14.1585,16.6946,14.7421,False
0.46262200000000003,7.572010000000001,0.302139,3.9114699999999996,14.7276,False
0.356702,5.75079,0.109214,10.7706,14.7273,False
3.0797,7.12705,24.9302,15.9311,14.7237,False
0.649597,6.92173,0.7606510000000001,5.59361,14.7194,False
0.940982,6.99475,2.44198,7.7883,14.7189,False
0.414633,6.07718,0.20903899999999997,10.377,14.7168,False
0.603328,5.85416,1.52017,13.737,14.7097,False
3.2122,6.73268,19.629,16.2814,14.7091,False
2.4199599999999997,7.12765,12.9597,17.4966,14.6832,False
0.562,7.0,0.1,4.56176,14.6788,False
0.558409,7.074889999999999,0.321875,4.467230000000001,14.6776,False
0.49075799999999997,5.5953,1.34758,14.2745,14.6776,False
1.61055,6.87585,5.40171,13.2452,14.675999999999998,False
0.415601,7.85204,0.195935,4.00181,14.672,False
0.5501020000000001,5.573180000000001,0.15628399999999998,11.1699,14.6715,False
0.643425,6.58867,0.33132,7.1585399999999995,14.6714,False
2.73102,7.811889999999999,205.998,15.8676,14.6695,False
0.633099,5.98851,1.39265,13.4801,14.6684,False
0.583326,6.9058,0.14128,5.14259,14.6572,False
0.62559,6.9710600000000005,0.562321,5.19095,14.6572,False
0.44102700000000006,5.64381,0.314566,11.242,14.6555,False
3.41305,6.9805,51.6095,15.8747,14.6546,False
0.388627,5.7765,0.100022,10.7512,14.6498,False
4.94522,5.7778,231.075,15.1465,14.6488,False
0.562,6.0,1.0,12.8794,14.6436,False
0.41111800000000004,5.70825,0.23366399999999998,10.9934,14.6401,False
0.728056,6.79007,0.967303,6.63775,14.6385,False
0.842808,7.52645,2.1722,6.981610000000001,14.6371,False
2.0,7.5,10.0,17.1883,14.6347,False
0.551426,7.0923,0.118368,4.060230000000001,14.6331,False
0.724216,6.61418,0.814336,7.5697600000000005,14.6302,False
0.738568,6.66825,1.00778,7.72382,14.6298,False
0.42776499999999995,5.71553,0.526271,11.7677,14.6253,False
0.6109640000000001,6.942710000000001,0.338945,5.10926,14.6243,False
0.887237,7.107589999999999,2.1995,6.991810000000001,14.616,False
3.0112900000000002,7.459219999999999,60.7151,15.7252,14.6037,False
0.492378,7.54595,0.256298,3.73716,14.5937,False
0.449251,5.82526,0.371041,11.3604,14.5925,False
2.94172,7.566610000000001,334.287,15.7677,14.5881,False
1.1363,6.47771,2.79375,10.4963,14.5871,False
0.43382299999999996,5.79534,0.24607199999999999,11.0757,14.581,False
3.3017300000000005,5.55909,11.227,17.0973,14.5755,False
3.5633199999999996,5.829359999999999,14.6484,17.5873,14.5727,False
0.5973229999999999,6.40604,0.227512,7.9065,14.5704,False
0.723513,6.53676,0.583831,7.753410000000001,14.5698,False
0.554357,5.50399,0.705443,13.1077,14.5696,False
0.604168,6.05944,0.9971959999999999,12.5671,14.5695,False
0.8892059999999999,7.69377,2.40187,6.901210000000001,14.5662,False
0.43094799999999994,5.9038,0.15240399999999998,10.7162,14.5654,False
3.0,7.5,1000.0,15.7464,14.5653,False
3.0,7.5,100.0,15.7458,14.5652,False
0.769442,6.78516,1.0493,6.59696,14.5629,False
0.485393,5.63352,0.857533,12.8215,14.5423,False
0.508966,5.69638,0.9189450000000001,12.7526,14.5397,False
0.562,8.0,1.0,5.31366,14.5297,False
0.804507,6.41436,0.90512,8.89236,14.5213,False
0.5254409999999999,6.2819400000000005,0.210218,9.22588,14.5175,False
0.997023,7.64332,2.8614900000000003,7.614139999999999,14.5125,False
0.566689,7.629589999999999,0.680182,4.5148,14.509,False
0.562,5.5,1.0,13.8266,14.5083,False
4.5828,6.0940900000000005,689.049,15.2663,14.5077,False
0.48428000000000004,5.8455900000000005,0.302531,11.1975,14.5023,False
0.776076,6.15471,1.4357,11.8608,14.4943,False
0.627274,7.2713,0.766737,4.7429,14.4884,False
5.4431400000000005,5.5096099999999995,956.779,14.6137,14.4848,False
0.69631,6.505330000000001,0.147332,7.32768,14.479000000000001,False
3.5371900000000003,6.96691,233.544,15.6945,14.4752,False
0.782916,5.50741,0.171127,10.8462,14.4736,False
2.7669200000000003,7.87056,303.56,15.622,14.4728,False
0.53508,5.7903400000000005,0.612304,11.8046,14.4722,False
0.5136350000000001,5.68433,0.408901,11.3135,14.4642,False
1.98537,5.78961,5.99544,16.2462,14.4591,False
3.55245,6.96298,163.00799999999998,15.671,14.4536,False
0.560181,5.638719999999999,0.374967,11.2611,14.4489,False
0.950832,6.91098,1.9242299999999999,6.904739999999999,14.4434,False
0.551459,5.97987,0.49764200000000003,11.4157,14.4392,False
0.509741,7.74595,0.35776399999999997,3.9271,14.4297,False
0.608921,7.45212,0.624034,4.17016,14.4278,False
0.550176,6.21899,0.204518,9.723980000000001,14.4276,False
1.7617099999999999,6.542269999999999,5.50713,13.9389,14.4274,False
0.935334,6.56675,1.56518,8.099730000000001,14.4209,False
0.672764,6.948519999999999,0.191313,4.64222,14.415999999999999,False
0.736201,6.53837,0.235823,7.27692,14.4127,False
0.642165,6.00117,0.877151,12.5062,14.4078,False
0.81687,5.9707,1.75712,13.5937,14.3915,False
0.558581,6.09492,0.135971,10.2066,14.39,False
0.735825,6.4574300000000004,0.154356,7.46177,14.3886,False
0.686319,7.117560000000001,0.613609,4.4297699999999995,14.3806,False
0.5899409999999999,7.4729399999999995,0.41608199999999995,3.91295,14.3694,False
0.735011,6.93469,0.599426,5.00641,14.3693,False
0.55412,7.3974899999999995,0.192141,3.75725,14.3512,False
3.01888,7.591260000000001,553.561,15.4905,14.35,False
0.5904159999999999,5.8074900000000005,0.303001,11.155,14.3445,False
0.708396,6.8625300000000005,0.15048399999999998,5.1016900000000005,14.3442,False
4.09427,6.55232,825.205,15.3515,14.3404,False
0.642321,7.21639,0.40765500000000005,3.99696,14.3287,False
0.7091390000000001,6.81605,0.101896,5.47726,14.3245,False
0.9459540000000001,6.4358,1.2114,8.67377,14.3237,False
3.83445,6.7790300000000006,74.975,15.4638,14.3174,False
0.646324,5.718030000000001,0.404464,11.2611,14.3051,False
1.80047,5.84596,5.00919,14.9861,14.3046,False
0.562,6.0,0.1,10.2165,14.3041,False
0.555026,7.58533,0.182996,3.46889,14.302999999999999,False
0.723925,6.93542,0.26221500000000003,4.693219999999999,14.2999,False
5.50062,5.53897,67.2266,14.3789,14.2984,False
4.82287,6.00011,211.735,15.0088,14.2959,False
4.61866,6.15879,230.86900000000003,15.071,14.2946,False
0.562,7.5,0.1,3.2888300000000004,14.292,False
0.629397,5.847569999999999,0.629444,11.8037,14.2733,False
0.539914,7.71599,0.2229,3.44032,14.2724,False
1.0,5.5,0.1,10.2656,14.2701,False
0.64136,6.14953,0.168489,9.972380000000001,14.2652,False
0.526496,7.78428,0.186645,3.48826,14.2645,False
3.90116,6.747839999999999,487.705,15.429,14.2618,False
0.76158,6.7578,0.38043299999999997,6.10818,14.2598,False
0.844261,6.309419999999999,0.6556810000000001,9.218589999999999,14.2486,False
0.71016,7.989739999999999,1.45411,6.06531,14.2472,False
0.795624,6.3855900000000005,0.11732200000000001,7.728460000000001,14.2458,False
0.620388,6.0658,0.10400899999999999,10.1825,14.2382,False
0.8695139999999999,6.29628,0.7436159999999999,9.421710000000001,14.2323,False
1.67884,6.793989999999999,5.000319999999999,12.4112,14.2303,False
0.706832,6.2442,0.343704,9.603860000000001,14.2297,False
0.504292,7.9553899999999995,0.177896,3.44865,14.2285,False
0.680163,7.1550899999999995,0.24372,3.81514,14.2234,False
0.760182,6.89681,0.146824,4.74126,14.2164,False
0.68079,7.89544,1.06218,4.85711,14.186,False
1.72108,6.07862,4.3204199999999995,13.0626,14.1795,False
0.622975,7.39743,0.240391,3.7089199999999996,14.1792,False
0.882784,6.39153,0.357505,8.08527,14.1749,False
3.18286,7.471030000000001,148.877,15.3064,14.1684,False
0.691713,6.0418,0.41242,11.0454,14.1649,False
3.08589,7.60848,660.697,15.2647,14.1581,False
1.3096,6.3638699999999995,2.60865,10.2305,14.1463,False
0.666216,6.02805,0.13659100000000002,10.4063,14.1461,False
0.722727,7.146380000000001,0.292514,3.8040300000000005,14.1392,False
0.764656,5.79448,0.126426,10.8318,14.1388,False
1.41933,6.26739,2.9519900000000003,10.9824,14.129000000000001,False
0.806226,5.9188,1.03765,12.443,14.1198,False
0.680531,7.28154,0.233736,3.82354,14.1115,False
1.0,6.5,1.0,7.88409,14.1094,False
3.4387800000000004,6.924189999999999,22.0867,15.3906,14.1087,False
0.788138,6.19125,0.500738,10.3224,14.1052,False
0.750609,7.1474899999999995,0.403071,3.85875,14.1023,False
0.738301,5.84593,0.191955,10.8732,14.0972,False
5.67965,5.52045,141.488,14.1914,14.0809,False
0.8574290000000001,5.51719,0.902051,12.3142,14.0561,False
1.06203,6.75605,1.6605900000000002,6.74935,14.0515,False
0.843593,6.02963,0.942425,12.1839,14.0429,False
0.743808,5.9394599999999995,0.376677,11.0147,14.0355,False
2.92291,7.90389,73.4078,15.0576,14.033,False
0.598275,7.760260000000001,0.196959,3.4226099999999997,14.0324,False
3.59159,7.11735,96.23700000000001,15.2004,14.0316,False
0.820933,5.53226,1.45581,13.6363,14.026,False
0.9227049999999999,6.58701,0.248746,6.4911900000000005,14.0243,False
5.4101,5.51241,27.6859,13.6578,14.023,False
0.785612,5.86099,0.185417,10.8019,14.0173,False
0.7573270000000001,5.9333800000000005,0.136554,10.5401,14.0161,False
0.651954,7.569210000000001,0.195921,3.3497800000000004,14.0159,False
0.8688049999999999,6.819780000000001,0.144547,4.98364,14.0037,False
0.965558,7.50387,1.90713,5.72231,13.9895,False
2.5431,6.48959,9.26685,18.0528,13.98,True
1.2918399999999999,7.87908,3.9961900000000004,9.359210000000001,13.9775,False
0.860502,5.65132,1.02388,12.2799,13.9725,False
0.716477,7.3413699999999995,0.259114,3.7269099999999997,13.9658,False
0.88375,5.61364,1.6766599999999998,13.9076,13.9633,False
0.562,8.0,0.1,3.01706,13.9601,False
0.921691,6.76204,0.39021300000000003,5.61152,13.958,False
0.791902,6.05499,0.196345,10.464,13.9567,False
0.580851,7.9534899999999995,0.175234,3.1649599999999998,13.9553,False
3.36865,7.37368,109.9,15.0267,13.9536,False
1.0,6.5,0.1,6.9641399999999996,13.953,False
1.4383299999999999,5.65181,3.71089,15.408,13.9522,False
0.794925,6.0986400000000005,0.103121,9.995439999999999,13.9498,False
2.9903,7.859660000000001,920.74,14.9757,13.9481,False
1.01395,7.826219999999999,2.42502,6.2441699999999996,13.9439,False
0.880876,5.8067,0.41254399999999997,11.5244,13.9426,False
0.792362,7.52838,0.943865,4.1615,13.9417,False
2.0,8.0,10.0,15.7764,13.9395,False
0.668327,7.603789999999999,0.180678,3.2006099999999997,13.9387,False
2.18934,7.70507,10.8178,16.3722,13.937000000000001,False
1.07241,6.303780000000001,0.72673,9.00354,13.9307,False
0.923058,5.74092,0.674473,11.9002,13.9232,False
0.868423,6.1339999999999995,0.41428999999999994,10.5056,13.9143,False
0.8611979999999999,6.08831,0.31831,10.3732,13.8892,False
0.844074,5.99189,0.102924,10.4802,13.8808,False
1.0,5.5,1.0,12.2146,13.878,False
0.991189,6.0223,1.39893,12.5158,13.8778,False
2.06997,7.81991,9.87428,15.8809,13.8777,False
0.919522,5.64145,1.2944799999999999,12.6859,13.8707,False
0.851984,5.977530000000001,0.262531,10.8382,13.8669,False
1.03454,6.61349,0.8104680000000001,6.89145,13.8651,False
3.10947,7.75303,770.697,14.8864,13.8534,False
3.0,6.0,10.0,17.3959,13.8492,True
0.9409639999999999,7.080939999999999,0.768193,4.23696,13.8479,False
0.9675950000000001,5.83053,0.93095,12.2191,13.8339,False
1.10774,6.32256,0.40623899999999996,8.50416,13.8336,False
1.0,7.0,1.0,4.5427,13.8225,False
5.15284,5.97806,126.126,14.4486,13.8188,False
0.949701,5.88448,0.138942,10.793,13.8122,False
5.7351,5.58967,63.8369,13.9221,13.81,False
1.0,6.0,1.0,12.1999,13.8066,False
0.723657,7.991219999999999,0.8570989999999999,4.3002199999999995,13.7858,False
0.687254,7.85836,0.41489899999999996,3.28476,13.7841,False
1.08812,5.62774,2.21685,14.1262,13.7818,False
1.0725,5.77496,0.15609800000000001,10.7676,13.7801,False
1.29893,7.7622100000000005,3.71214,8.97897,13.7785,False
1.18916,6.4265300000000005,0.8835850000000001,7.92817,13.7661,False
4.67448,6.3562,514.716,14.5655,13.7625,False
1.3062200000000002,5.82227,2.7490099999999997,13.7752,13.7597,False
2.99802,7.96788,237.053,14.7407,13.7583,False
1.1744299999999999,7.543080000000001,2.6996900000000004,6.43272,13.7548,False
0.84626,7.352410000000001,0.5828810000000001,3.69409,13.7511,False
1.18801,6.66748,1.51265,6.76278,13.7473,False
5.77603,5.60811,300.411,13.9373,13.7363,False
0.956731,5.9853,0.17960399999999999,10.7262,13.7322,False
1.31015,6.49751,1.94177,8.278880000000001,13.7312,False
1.8693099999999998,7.3707,6.3346800000000005,14.8176,13.73,False
5.931080000000001,5.509930000000001,856.878,13.7795,13.7261,False
3.8162800000000003,5.52091,11.6458,15.880999999999998,13.7205,False
5.8270800000000005,5.57613,71.5405,13.8045,13.7178,False
0.7941779999999999,7.466539999999999,0.25356300000000004,3.3891,13.7149,False
1.07219,7.089930000000001,1.5883399999999999,5.3276699999999995,13.7104,False
3.0,8.0,1000.0,14.6702,13.7039,False
3.0,8.0,100.0,14.6698,13.7039,False
0.686901,7.837839999999999,0.17139300000000002,3.1089900000000004,13.6999,False
5.09894,5.7840300000000004,25.2623,14.0951,13.6989,False
0.9844799999999999,6.02169,0.155026,10.4875,13.6926,False
1.0,6.0,0.1,10.5023,13.6814,False
3.0417,5.92926,9.41809,17.3756,13.6804,True
3.10352,7.86791,359.029,14.6421,13.6775,False
1.0878,6.6716,0.645517,6.22473,13.6763,False
6.0,5.5,1000.0,13.6754,13.6485,False
6.0,5.5,100.0,13.6721,13.6483,False
1.04826,6.8654,0.250782,4.43214,13.6425,False
1.0,7.0,0.1,3.698,13.6366,False
0.828642,7.58478,0.523443,3.5148,13.6331,False
5.54469,5.78735,59.588,14.0061,13.6304,False
1.04974,7.32065,1.54439,4.65388,13.6215,False
1.2010100000000001,5.750319999999999,0.303425,10.9355,13.6184,False
1.14763,7.439989999999999,2.1988,5.53912,13.617,False
1.1986299999999999,5.64479,2.11437,13.3624,13.6145,False
1.2108700000000001,6.24177,0.15249000000000001,8.964089999999999,13.6144,False
1.0767,5.90585,0.39629699999999995,11.2052,13.6115,False
1.16792,6.16833,0.585479,10.2129,13.6108,False
1.1076,7.142589999999999,1.6323,4.92431,13.6089,False
1.71892,6.02074,3.19958,11.7941,13.6085,False
1.17265,6.58097,0.265841,6.11803,13.6066,False
4.469469999999999,6.58586,639.123,14.4738,13.6009,False
1.11485,5.90189,0.13897400000000001,10.6952,13.5967,False
1.10195,6.77093,0.200764,4.96531,13.5949,False
1.15686,5.6901,1.5380200000000002,12.3514,13.5929,False
0.813335,7.5393,0.11061199999999999,3.11233,13.5896,False
1.1103299999999998,5.91834,0.159948,10.7287,13.5848,False
1.31467,5.57833,0.63494,11.0048,13.5846,False
2.00064,6.759710000000001,5.5423599999999995,12.9909,13.575999999999999,False
1.01937,7.02223,0.16423900000000002,3.6132199999999997,13.5743,False
1.55081,5.58485,0.12606900000000001,10.1153,13.57,False
1.37414,6.39841,1.3735700000000002,8.3052,13.5645,False
0.832976,7.51934,0.130046,3.19489,13.5596,False
4.02988,6.9649,132.744,14.6886,13.5578,False
2.1026599999999998,7.6818800000000005,8.81285,15.5214,13.5549,False
2.22308,7.909619999999999,10.8004,15.6705,13.5519,False
0.886352,7.35122,0.123884,3.23504,13.548,False
3.60121,7.34876,113.867,14.6056,13.5441,False
4.641380000000001,6.438359999999999,45.3819,14.5432,13.5405,False
1.1950399999999999,6.094180000000001,0.6227560000000001,10.9009,13.5318,False
1.4644,6.3746599999999995,1.7978299999999998,8.7028,13.5244,False
5.108219999999999,6.1393,901.388,14.2413,13.5196,False
1.1949100000000001,5.54026,1.7612299999999999,12.8688,13.5184,False
5.17328,6.09697,519.248,14.2115,13.5128,False
1.62731,5.54439,0.280627,10.4921,13.5069,False
4.06439,6.960780000000001,430.569,14.6313,13.5069,False
1.38961,7.74805,3.7646699999999997,8.81807,13.5033,False
0.990223,7.4130199999999995,1.08047,4.01284,13.5015,False
1.32616,6.4371599999999995,0.23536100000000001,7.20533,13.4957,False
1.2572299999999998,6.55549,0.175717,6.19674,13.4954,False
1.27585,6.17483,0.153198,9.53837,13.4949,False
1.24324,6.0856699999999995,0.9488260000000001,11.0457,13.4852,False
1.4661899999999999,6.12683,1.67613,10.3356,13.4791,False
1.7459900000000002,7.96758,6.10457,14.1754,13.4757,False
3.0306,5.54256,7.51359,15.7586,13.4755,False
4.62745,6.45212,37.7402,14.5396,13.4626,False
1.32565,6.52816,1.08954,7.176010000000001,13.4599,False
4.21034,6.8658,636.638,14.5184,13.4535,False
1.35334,5.77692,0.185729,10.6302,13.4533,False
0.950477,7.605160000000001,0.930314,3.6568300000000002,13.4484,False
1.7641799999999999,5.96852,3.11456,11.9432,13.446,False
1.3238,6.5063,0.131358,6.6034,13.4399,False
1.4552200000000002,5.72278,0.16336099999999998,10.5551,13.434000000000001,False
1.2286700000000002,7.61078,2.52622,5.88352,13.4321,False
1.64743,6.25525,2.20445,9.78147,13.4245,False
1.8631400000000002,6.8439,4.6128599999999995,11.2614,13.4227,False
1.40038,6.2176800000000005,0.23348200000000002,9.112639999999999,13.4154,False
0.971507,7.345219999999999,0.40274899999999997,3.34065,13.4148,False
1.0,7.5,1.0,3.7814300000000003,13.4117,False
1.01562,7.2138800000000005,0.212639,3.58259,13.4047,False
1.20013,6.816660000000001,0.530482,4.57546,13.4044,False
2.39834,7.379630000000001,10.0386,16.127,13.4015,False
3.6290699999999996,6.16107,13.7378,16.5821,13.4012,False
1.2821799999999999,5.990480000000001,0.10385899999999999,10.2568,13.4012,False
3.1207,7.90544,28.8347,14.1788,13.4009,False
2.0,5.5,0.1,10.3278,13.3945,False
4.87205,6.38626,82.1428,14.1442,13.3787,False
1.60379,6.775460000000001,3.2952800000000004,8.852160000000001,13.3745,False
4.05248,7.037319999999999,253.375,14.487,13.3707,False
2.0941400000000003,6.51467,5.08552,12.5626,13.3682,False
0.790053,7.8772199999999994,0.178747,2.82024,13.367,False
1.00968,7.273439999999999,0.10508699999999999,3.29527,13.3612,False
0.8612200000000001,7.70905,0.134802,2.88728,13.3422,False
1.34346,5.94939,0.176847,10.3074,13.3398,False
1.3403399999999999,5.84868,0.46867600000000004,10.9426,13.3392,False
4.844519999999999,6.36782,41.9032,14.4414,13.332,False
1.53471,5.57404,2.75435,13.6196,13.331,False
1.38083,5.64208,1.75416,12.2623,13.3286,False
1.2810700000000002,6.754560000000001,0.26248699999999997,4.79859,13.3264,False
1.0805799999999999,7.171,0.114902,3.4449,13.3225,False
5.95676,5.68239,182.77700000000002,13.5738,13.3148,False
1.4205299999999998,5.968380000000001,1.49197,12.0553,13.3079,False
3.57352,7.51083,367.787,14.2831,13.3029,False
1.4494799999999999,6.45742,0.305314,6.9598,13.2998,False
1.3668200000000001,6.594410000000001,0.40539899999999995,5.87069,13.2992,False
1.10346,7.175439999999999,0.554696,3.84269,13.2987,False
1.14763,7.24187,1.1709100000000001,3.94595,13.298,False
3.5886199999999997,7.137589999999999,21.4762,14.5941,13.2962,False
1.6853099999999999,6.47542,2.73198,9.07576,13.2876,False
1.06185,7.268910000000001,0.271475,3.37755,13.2771,False
1.14716,7.088019999999999,0.143715,3.3651400000000002,13.2708,False
1.54491,5.88835,2.13362,12.5145,13.265,False
0.9845229999999999,7.479210000000001,0.22751799999999997,3.26547,13.2638,False
3.52871,7.58978,73.1021,14.187999999999999,13.2503,False
1.20812,7.08937,0.9943540000000001,4.31839,13.2452,False
1.7000400000000002,5.69615,0.231869,10.5942,13.2446,False
1.4741,5.706119999999999,1.60636,11.8218,13.2441,False
1.0,7.5,0.1,3.07436,13.2086,False
1.41824,6.64197,0.831997,5.82141,13.2005,False
2.70004,7.7105,13.7281,15.1731,13.1852,False
2.0617099999999997,5.54799,0.31246,10.4732,13.1811,False
1.55141,6.442080000000001,0.355487,7.020410000000001,13.1746,False
1.52186,5.91129,0.18016400000000002,10.2193,13.1739,False
0.8985,7.88329,0.344542,2.81494,13.1449,False
1.51623,7.91069,4.000380000000001,8.92803,13.1427,False
1.70702,6.21335,0.306113,8.85985,13.1426,False
3.87779,7.30987,163.001,14.1772,13.1337,False
5.46234,6.08257,308.184,13.7765,13.130999999999998,False
1.7831,5.66257,0.590816,10.9577,13.1178,False
5.1503,6.30544,693.597,13.8535,13.1175,False
1.47888,7.16162,2.6753299999999998,6.07646,13.1166,False
1.68405,6.33838,0.16838699999999998,7.68923,13.1163,False
1.39608,7.84519,3.2947300000000004,7.7852,13.116,False
1.54949,5.88173,0.473058,10.7078,13.1147,False
1.61907,5.9208,0.118663,10.0768,13.1119,False
1.9257400000000002,5.7035,0.114422,10.2876,13.104000000000001,False
0.945306,7.9163,0.5572560000000001,2.85786,13.1006,False
2.83067,6.842639999999999,10.7713,16.472,13.1003,False
0.9566540000000001,7.943169999999999,0.788818,3.3504,13.0952,False
1.0565200000000001,7.516089999999999,0.10333699999999998,2.97687,13.0922,False
6.03606,5.61762,35.9268,13.8209,13.0894,False
1.34441,6.9239999999999995,0.409689,3.9874,13.0875,False
1.57935,6.52347,0.246058,6.192,13.0845,False
2.23413,6.6595,5.4577599999999995,12.7132,13.083,False
1.68409,5.5482,1.58795,11.6532,13.0795,False
3.3868199999999997,7.86705,772.253,13.9795,13.0784,False
2.03855,5.64823,0.207118,10.4065,13.0779,False
1.0257,7.628769999999999,0.103244,2.84376,13.0757,False
1.79466,6.035080000000001,1.78827,10.7597,13.0756,False
1.1908100000000001,7.25608,0.378263,3.33238,13.0661,False
1.97085,5.61877,0.495492,10.6918,13.0651,False
2.19807,5.510730000000001,0.605571,10.7539,13.0501,False
1.39249,6.91298,0.9762549999999999,4.17554,13.0468,False
2.0,5.5,1.0,11.0938,13.0402,False
1.8151700000000002,5.790030000000001,0.20051300000000002,10.2556,13.0355,False
2.92434,7.2875,13.2577,15.5596,13.0279,False
0.970092,7.819380000000001,0.263104,2.55303,13.0274,False
1.7693599999999998,6.14014,0.48323,9.490730000000001,13.026,False
3.6062199999999995,6.6989600000000005,15.5322,15.6155,13.0232,False
3.0,6.5,10.0,17.2294,13.0226,True
3.3877900000000003,7.904210000000001,776.143,13.9036,13.0225,False
1.04243,7.6974800000000005,0.413547,2.99405,13.0221,False
4.31999,6.9947,101.97,14.0808,13.0184,False
2.22317,6.50575,4.81219,11.7619,13.014000000000001,False
1.6469099999999999,6.49597,0.47224700000000003,6.55417,13.0116,False
1.54685,6.73469,0.133965,4.52211,13.0025,False
1.44739,6.84599,0.584847,4.23265,12.9907,False
2.45012,6.11515,4.91362,12.245,12.9906,False
1.8611900000000001,5.94212,1.86949,11.5408,12.9663,False
4.43726,6.9309899999999995,69.9591,13.885,12.9533,False
2.16086,5.6905,0.158863,10.2107,12.9515,False
1.52903,6.8182,0.192051,4.16929,12.9458,False
1.95225,5.62407,0.9728600000000001,11.0769,12.9314,False
3.6649,5.91434,10.7305,15.6296,12.9275,False
1.0,8.0,1.0,4.21592,12.9272,False
1.44854,6.95517,1.2275200000000002,4.52315,12.9269,False
2.66973,7.64376,12.1241,15.3112,12.922,False
1.1836799999999998,7.51348,0.521228,3.20893,12.9123,False
1.84622,5.79364,0.648267,10.6656,12.9061,False
1.13523,7.61103,0.191269,2.99043,12.8896,False
3.86171,6.90693,18.9567,14.3483,12.8808,False
1.90672,5.74926,0.7776350000000001,10.7891,12.8783,False
2.67485,6.54413,7.5919,15.6378,12.869000000000002,False
2.09092,5.75486,0.318,10.2103,12.8654,False
1.44602,7.01439,0.10730899999999999,3.4195900000000004,12.8556,False
2.0,6.0,0.1,9.76807,12.8471,False
2.01287,6.0910400000000005,0.939242,9.61731,12.8342,False
1.08861,7.76267,0.103413,2.38307,12.8264,False
4.23935,7.165,173.905,13.8799,12.8225,False
1.27328,7.35393,0.14888900000000002,2.89233,12.8195,False
2.00654,5.885190000000001,0.32747800000000005,10.177999999999999,12.819,False
4.93214,6.62219,560.9540000000001,13.5902,12.8157,False
1.8570099999999998,6.4989,0.21489,6.14113,12.8078,False
2.0,6.0,1.0,10.4421,12.804,False
4.2121699999999995,6.35,16.6645,15.1699,12.7993,False
3.91169,5.63181,9.55844,14.9284,12.7976,False
1.7344700000000002,6.684819999999999,0.23665100000000003,4.776619999999999,12.7952,False
1.03003,7.911169999999999,0.171127,2.25144,12.7912,False
3.59274,7.800889999999999,68.4836,13.6174,12.7911,False
5.11447,6.50016,837.367,13.5759,12.7909,False
5.89785,5.9706,102.42,13.2537,12.7866,False
6.1988900000000005,5.78567,155.735,13.1044,12.7778,False
1.0,8.0,0.1,1.9990299999999999,12.7776,False
1.78445,7.06831,3.32341,7.723260000000001,12.7772,False
2.15353,5.812180000000001,0.40629299999999996,10.2547,12.7622,False
6.15609,5.61305,28.2189,12.4877,12.7462,False
5.273680000000001,6.4054400000000005,197.688,13.4824,12.7457,False
3.0,5.5,0.1,9.66274,12.7438,False
5.65448,6.14039,69.087,13.3272,12.7371,False
3.26798,5.52043,6.5179599999999995,14.2555,12.7277,False
2.2,5.6789,0.981778,10.6825,12.725,False
5.48139,6.26716,817.217,13.4349,12.7195,False
1.55237,6.995,0.240139,3.49689,12.7155,False
2.23347,5.53782,2.48789,11.8056,12.7138,False
1.29546,7.46928,0.313066,3.0905099999999996,12.7132,False
2.8393,6.182840000000001,6.442069999999999,14.435,12.7118,False
4.9371599999999995,6.3552,23.668000000000003,13.7369,12.6963,False
5.05858,6.47778,32.2042,13.6089,12.6939,False
4.29347,7.190119999999999,125.49799999999999,13.7375,12.6937,False
2.0,6.5,0.1,5.95918,12.6845,False
5.88008,5.95655,42.4286,13.7388,12.6824,False
2.26553,6.07852,0.46507200000000004,9.21065,12.6704,False
1.19731,7.8049,0.749654,2.86024,12.6691,False
2.28918,5.93715,1.8619400000000002,10.7583,12.6685,False
2.33744,6.21935,3.19922,9.93438,12.6675,False
1.44193,7.34768,1.1610200000000002,3.5563599999999997,12.6672,False
1.83159,7.45523,4.21425,9.67688,12.6571,False
1.1415600000000001,7.8746,0.37962399999999996,2.37804,12.6534,False
4.11839,7.362989999999999,466.963,13.642999999999999,12.6521,False
2.353,5.84246,0.351376,10.013,12.6483,False
2.8102099999999997,5.64942,0.129078,9.79772,12.6465,False
1.40739,7.86505,2.3652900000000003,5.53731,12.6323,False
2.225,7.551139999999999,6.92558,14.4927,12.6316,False
2.15532,6.35755,2.37165,8.46692,12.6278,False
6.2435599999999996,5.83274,966.544,12.9888,12.6271,False
2.33715,6.0339599999999995,0.542083,9.41583,12.6256,False
3.5297099999999997,7.99441,135.648,13.4321,12.6237,False
2.36295,6.07955,0.6309600000000001,9.12266,12.6112,False
2.35125,5.84004,1.32532,10.8865,12.6104,False
1.56091,7.047160000000001,0.265459,3.57156,12.6062,False
4.96937,6.706010000000001,210.92700000000002,13.3722,12.6026,False
2.2572200000000002,6.25088,0.44513199999999997,7.93279,12.6021,False
1.69658,6.9505,0.10639100000000001,3.58808,12.5974,False
6.0,6.0,1000.0,13.0764,12.5971,False
6.0,6.0,100.0,13.0742,12.597000000000001,False
1.92841,6.702310000000001,0.161092,4.48985,12.5924,False
6.04113,5.97663,106.41799999999999,13.0519,12.5921,False
1.59801,7.042910000000001,0.123149,3.51189,12.5796,False
1.80034,7.2514199999999995,3.38826,7.29471,12.5781,False
1.83008,6.837560000000001,0.26696,3.95739,12.5748,False
1.48442,7.26997,0.862175,3.3749800000000003,12.574000000000002,False
2.0,6.5,1.0,6.35376,12.5569,False
2.47019,5.65219,1.5334,10.7738,12.5535,False
5.08632,6.64658,193.553,13.3209,12.5515,False
6.01408,5.86787,31.9317,13.1655,12.5468,False
2.47723,5.89855,0.40107,9.81473,12.546,False
1.5269,7.42382,1.63009,3.80712,12.5459,False
1.7437200000000002,7.747739999999999,3.87544,8.30775,12.5429,False
1.42531,7.43699,0.42423,3.051,12.5398,False
2.37948,6.25536,0.219777,7.74697,12.5384,False
2.35548,6.23115,0.477001,7.979710000000001,12.5347,False
2.5274400000000004,6.0622,2.5432799999999998,10.1118,12.5344,False
1.3522100000000001,7.62153,0.370816,2.9645900000000003,12.520999999999999,False
2.64878,5.68426,0.942191,10.3807,12.5126,False
1.68095,6.99211,0.34083600000000003,3.6432,12.5116,False
2.56983,5.99517,0.117347,9.05494,12.5059,False
3.0,5.5,1.0,10.2313,12.5031,False
2.13866,6.5527,0.135888,5.4882800000000005,12.5005,False
4.73235,6.9434,903.9680000000001,13.3974,12.4948,False
2.66831,6.58778,6.3636800000000004,13.8168,12.4942,False
1.2822799999999999,7.77538,0.259669,2.33239,12.4891,False
2.02406,6.973139999999999,3.6361,8.58495,12.4799,False
2.22615,6.51138,0.11175,5.6911,12.4755,False
4.71833,6.96847,711.198,13.3784,12.4695,False
1.7259099999999998,7.19487,2.27063,4.90064,12.4668,False
1.51275,7.34854,0.217216,2.9405,12.4658,False
3.63005,7.252510000000001,17.4246,14.4895,12.4573,False
3.27829,5.6234,0.12858599999999998,9.49815,12.4556,False
2.92924,6.8574399999999995,9.660739999999999,16.1037,12.4484,True
4.62922,7.055460000000001,861.347,13.3934,12.4401,False
3.98124,7.61595,269.923,13.3484,12.4381,False
2.74212,5.942819999999999,0.195258,9.17648,12.431,False
2.18988,6.50344,1.92429,6.7073,12.4286,False
2.79219,5.9527,0.10584,9.030339999999999,12.4201,False
3.1621799999999998,5.612369999999999,0.5817439999999999,9.72355,12.411,False
1.89572,6.8971100000000005,0.323183,3.69955,12.4079,False
1.92035,6.95478,2.5776,6.09262,12.4059,False
3.31071,5.5721300000000005,0.41983100000000007,9.72888,12.4053,False
6.45745,5.81457,336.17199999999997,12.7203,12.4024,False
3.13095,5.724469999999999,0.246714,9.51941,12.3883,False
2.93317,5.77243,3.10181,10.6131,12.3794,False
3.39019,5.65756,0.12648199999999998,9.373660000000001,12.379000000000001,False
4.82439,6.93606,116.695,13.2591,12.3785,False
2.3757599999999996,6.87407,5.06417,11.8605,12.3705,False
3.39448,5.5746199999999995,0.43029399999999995,9.61506,12.3626,False
5.1796,6.30671,22.9452,13.3614,12.3497,False
2.92709,5.94125,0.19544,8.96677,12.3489,False
1.73758,7.09284,0.25005900000000003,3.3311300000000004,12.3461,False
1.4054200000000001,7.779560000000001,0.9405030000000001,2.8843900000000002,12.331,False
1.2523,7.9800699999999996,0.240702,2.0312,12.3294,False
2.81892,6.10808,0.5279590000000001,8.34791,12.325999999999999,False
1.5685799999999999,7.46825,0.714658,3.08724,12.3247,False
5.42743,6.5201,100.705,13.0643,12.3244,False
3.14938,5.63477,1.02614,9.817169999999999,12.3127,False
3.0,6.0,0.1,8.50714,12.3084,False
2.09504,6.7336100000000005,2.59178,6.7458800000000005,12.3055,False
2.38213,6.43807,0.683712,6.44712,12.3004,False
6.15369,5.74153,25.7172,12.3553,12.2992,False
2.4744900000000003,6.32271,1.14176,7.36344,12.2989,False
3.0190900000000003,5.98581,0.139153,8.565669999999999,12.2979,False
1.5888200000000001,7.80731,2.56153,6.055219999999999,12.2889,False
2.37902,6.57367,0.166602,5.1565199999999995,12.2826,False
1.8854,6.996910000000001,0.10927200000000001,3.63165,12.2717,False
3.0,6.0,1.0,8.828439999999999,12.265,False
1.7840099999999999,7.17082,1.3467200000000001,3.63256,12.2494,False
2.60973,6.33654,2.59377,8.24136,12.2277,False
1.8782599999999998,7.69716,3.8342699999999996,8.2569,12.2198,False
3.3551699999999998,5.78226,0.43253400000000003,9.22826,12.2163,False
5.10285,6.63277,26.8826,12.9872,12.2106,False
3.39951,5.68872,4.17103,11.1109,12.2043,False
2.06188,7.01863,3.0062599999999997,6.9534,12.1967,False
1.53566,7.82114,1.90975,3.8822900000000002,12.1965,False
3.0,7.0,10.0,15.5441,12.1845,False
3.5028099999999998,5.8374,0.141012,8.73042,12.1755,False
3.8214099999999998,7.966939999999999,175.37400000000002,12.8991,12.1751,False
4.22323,7.5559899999999995,101.41799999999999,13.0725,12.1699,False
4.54641,7.2815,614.631,13.1569,12.1685,False
2.67881,6.47281,0.160128,5.77312,12.1636,False
1.39408,7.928260000000001,1.18555,3.75158,12.1443,False
3.95879,5.6441,0.11705,8.808819999999999,12.1401,False
2.0,7.0,0.1,3.6470599999999997,12.135,False
2.33166,6.74277,3.4234699999999996,8.387880000000001,12.1334,False
2.0,7.0,1.0,3.6193199999999996,12.1295,False
2.0561700000000003,6.95707,1.54325,4.06537,12.1165,False
3.6091699999999998,5.57299,1.3492600000000001,9.48091,12.1046,False
3.19845,6.631939999999999,9.07748,16.1023,12.1035,True
3.67392,5.7359,4.79884,10.9853,12.0944,False
2.96978,6.267930000000001,0.435745,6.86998,12.0943,False
4.69916,7.2032300000000005,940.752,13.0604,12.0875,False
1.83827,7.31394,1.06413,3.28775,12.0822,False
1.98291,7.07342,1.5240200000000002,3.9352199999999997,12.0804,False
2.70495,7.943739999999999,10.52,14.1387,12.0797,False
4.74049,7.175680000000001,363.69300000000004,13.0235,12.0766,False
1.8039,7.3211,0.303899,2.94596,12.0737,False
2.73962,6.5312,0.13486199999999998,5.2617400000000005,12.0632,False
6.016430000000001,6.26739,433.48,12.7073,12.0545,False
3.7187699999999997,5.88406,0.15824100000000002,8.36398,12.0495,False
1.53439,7.83517,0.235398,1.97045,12.0371,False
3.21474,6.1199,2.2775,8.54262,12.0313,False
2.37299,6.81835,0.373893,3.8515800000000002,12.0305,False
2.82983,6.34434,1.46975,7.0157,12.0291,False
2.24492,6.80064,1.70537,5.0054099999999995,12.0255,False
3.8298699999999997,5.8287,0.288155,8.45842,12.0168,False
4.08272,7.798589999999999,596.487,12.8052,12.0168,False
3.7063300000000003,5.85489,0.5285380000000001,8.56558,12.0157,False
4.44833,7.461289999999999,254.025,12.9292,12.0087,False
4.28416,5.5606800000000005,0.41222299999999995,8.60164,12.0077,False
2.1455599999999997,7.077439999999999,2.91395,6.56762,11.9979,False
4.0073,7.893660000000001,172.968,12.7193,11.9966,False
2.23658,6.88628,0.655953,3.84536,11.989,False
1.6740400000000002,7.700019999999999,1.22401,2.8568599999999997,11.9883,False
1.9074,7.23481,0.720383,3.21034,11.9856,False
4.32608,5.63877,0.141704,8.456719999999999,11.9833,False
4.446330000000001,5.50559,0.522779,8.42097,11.981,False
2.58163,6.74385,0.13231300000000001,4.14931,11.9727,False
3.7314300000000005,6.07569,0.11941500000000001,7.25928,11.9526,False
2.63868,6.90867,5.48872,12.0931,11.9525,False
2.5262700000000002,6.825130000000001,0.10465899999999999,3.88133,11.949000000000002,False
2.6766,7.26322,7.4360100000000005,14.39,11.9423,False
4.79355,7.11141,32.5062,13.0281,11.9409,False
3.0,6.5,0.1,5.38786,11.9321,False
4.03576,5.51731,3.0112900000000002,9.98175,11.9226,False
1.5736,7.90712,0.2442,1.7396,11.9205,False
2.34488,6.8362300000000005,0.965017,4.12305,11.918,False
4.37705,7.57937,71.0706,12.7534,11.9165,False
4.10009,5.50294,1.7067599999999998,9.08497,11.9153,False
3.68401,5.993040000000001,1.7521799999999998,8.21347,11.9121,False
2.9330000000000003,6.52133,0.384437,5.17354,11.8985,False
2.5780000000000003,6.78304,0.44527700000000003,3.9270699999999996,11.8846,False
2.84836,6.5681199999999995,4.6784,10.754000000000001,11.8765,False
4.69221,7.34456,385.635,12.8212,11.8689,False
4.511080000000001,7.4998,583.648,12.7619,11.8631,False
5.53538,6.5774300000000006,31.3485,12.6972,11.8631,False
6.13396,6.29944,891.38,12.511,11.8606,False
4.67236,5.6355,0.108373,8.0931,11.8569,False
1.60923,7.8633,1.1897,3.3720800000000004,11.8448,False
2.24837,7.8749,5.6263,12.3165,11.8305,False
4.45231,7.575080000000001,61.3818,12.6184,11.8164,False
2.69987,6.81526,0.108894,3.9182699999999997,11.8163,False
3.0,6.5,1.0,5.45464,11.8121,False
5.040030000000001,7.100969999999999,259.389,12.6534,11.8099,False
4.098730000000001,5.94993,0.749996,7.514810000000001,11.8096,False
4.2556199999999995,5.88849,0.31964000000000004,7.69141,11.8066,False
2.11622,7.227710000000001,0.18706099999999998,2.9292700000000003,11.8042,False
4.1410599999999995,5.86327,1.8145,8.059,11.795,False
2.23857,7.09888,0.16537000000000002,3.12492,11.7903,False
4.95489,7.15706,51.4256,12.6777,11.7867,False
1.6794900000000001,7.866969999999999,1.57247,3.6257099999999998,11.7728,False
2.0,7.5,0.1,2.81113,11.7691,False
3.2838800000000004,6.39657,0.8386899999999999,6.01818,11.7627,False
2.87873,6.55624,1.7679,5.75395,11.7582,False
1.57915,7.957669999999999,1.0025700000000002,3.2662299999999997,11.7568,False
4.4532,5.91292,0.13419,7.2750699999999995,11.7433,False
2.0,7.5,1.0,2.7891,11.7431,False
4.384930000000001,5.862430000000001,1.48753,7.72005,11.7259,False
2.17473,7.1980699999999995,0.6206,3.19037,11.7148,False
1.9886400000000002,7.5498899999999995,0.635433,2.64075,11.7147,False
2.2164200000000003,7.504169999999999,4.0784400000000005,8.85625,11.7119,False
5.2349,7.016780000000001,275.225,12.4802,11.7093,False
5.054469999999999,5.78639,13.9105,13.9038,11.7078,False
5.36074,6.9273,207.28799999999998,12.4428,11.7044,False
2.11111,7.393680000000001,0.291006,2.85118,11.703,False
5.62404,6.02001,19.345,13.2646,11.6893,False
4.84325,5.75534,0.12113900000000001,7.49379,11.6866,False
3.27106,6.5142,0.644519,5.15735,11.6795,False
1.7762,7.883360000000001,0.180249,1.7023599999999999,11.6784,False
4.38606,7.73802,710.855,12.4807,11.6778,False
4.8069,6.680210000000001,18.5589,13.4764,11.6659,False
3.06459,6.67817,0.313119,4.320530000000001,11.6617,False
1.82487,7.8335300000000005,0.238326,1.9280099999999998,11.659,False
5.8265199999999995,6.620939999999999,646.477,12.3691,11.6558,False
6.0,6.5,1000.0,12.3649,11.6552,False
6.0,6.5,100.0,12.3633,11.6551,False
4.71199,5.88636,0.240923,7.175610000000001,11.6533,False
4.64217,5.9924,0.106651,6.56248,11.6489,False
4.6679900000000005,7.02376,20.7885,12.8015,11.6488,False
2.1379799999999998,7.46294,0.112757,2.79078,11.6482,False
2.54449,6.9387,3.3374,7.69262,11.6449,False
4.5414,7.61907,220.178,12.485999999999999,11.6412,False
3.6584,6.16735,3.43612,8.59021,11.6395,False
3.93436,6.11048,2.3429599999999997,7.68998,11.6378,False
2.62505,6.97204,0.233248,3.34135,11.6169,False
5.37122,6.97451,176.315,12.3447,11.6153,False
4.60321,5.616140000000001,3.6814,9.33356,11.6151,False
3.0,7.5,10.0,14.3526,11.6143,False
4.48535,6.01551,1.20846,6.8048399999999996,11.5995,False
5.37927,6.979030000000001,530.9540000000001,12.3265,11.5985,False
1.72983,7.9688300000000005,0.335611,1.84791,11.5913,False
2.35364,7.16723,1.24264,3.5466,11.5858,False
2.85534,7.2938600000000005,7.926260000000001,14.2869,11.5852,False
6.122000000000001,6.45862,64.183,12.2176,11.574000000000002,False
1.90142,7.8217300000000005,0.311427,2.0285900000000003,11.5719,False
5.07771,5.8008,0.251737,7.163130000000001,11.5679,False
2.71133,6.92997,0.48930799999999997,3.4920400000000003,11.5669,False
2.16432,7.47324,0.435392,2.92135,11.564,False
6.89665,5.55504,23.3056,11.3634,11.5593,False
5.54401,6.806260000000001,39.580999999999996,12.6086,11.5539,False
2.71477,6.9223,0.728857,3.52265,11.5515,False
4.23894,7.95176,47.4969,12.2015,11.5438,False
4.44306,7.7458100000000005,46.9594,12.3454,11.5434,False
1.9799099999999998,7.7233600000000004,0.7518739999999999,2.39752,11.5361,False
4.9081,5.97431,0.527742,6.4631300000000005,11.5339,False
2.0609,7.70551,0.160939,2.18371,11.5339,False
5.08014,5.5722,1.68503,8.09957,11.5303,False
3.12456,6.7541899999999995,6.42413,12.9831,11.5252,False
1.8260900000000002,7.968430000000001,1.7772400000000002,3.96285,11.5237,False
2.5709299999999997,7.05818,0.375295,3.25679,11.5138,False
2.2287,7.47242,0.341461,2.9253099999999996,11.508,False
2.64994,6.879560000000001,2.36218,5.48181,11.5061,False
6.0,5.5,0.1,6.6443,11.4977,False
5.14003,5.9547300000000005,0.149081,6.1927900000000005,11.4894,False
2.92481,7.13709,6.9829300000000005,13.8861,11.4793,False
3.5487300000000004,6.40894,6.47131,12.8793,11.472000000000001,False
5.8356900000000005,5.55495,0.319887,6.94013,11.4717,False
4.4145,7.870589999999999,385.69800000000004,12.1945,11.4642,False
4.88379,5.6112400000000004,7.44309,11.8123,11.4619,False
3.3750199999999997,6.7102,0.266377,4.14771,11.4595,False
5.00178,5.90902,1.61144,6.82723,11.4565,False
2.64178,7.091130000000001,0.119379,3.09295,11.4548,False
4.31441,6.17661,1.5189700000000002,6.47281,11.4444,False
4.738169999999999,6.172630000000001,0.270994,5.59071,11.4423,False
1.8962299999999999,7.8437399999999995,1.08622,3.03482,11.4414,False
4.86407,7.4814,241.843,12.3273,11.4412,False
5.22002,6.0066,0.21299,5.93498,11.4332,False
2.67544,6.932119999999999,2.71143,6.577539999999999,11.4243,False
2.75441,7.00117,0.527722,3.3747,11.4184,False
2.99345,6.87188,5.33183,11.4697,11.4142,False
7.737080000000001,5.60703,514.247,11.3573,11.412,False
3.54605,6.39369,5.19056,10.9957,11.4095,False
2.8262099999999997,6.957269999999999,1.00193,3.5976800000000004,11.3929,False
3.48023,6.7232899999999995,0.23620500000000003,4.11092,11.3907,False
4.38212,6.05018,3.08828,7.927410000000001,11.3867,False
6.14053,6.5815600000000005,194.22799999999998,12.0692,11.3648,False
3.3854599999999997,7.349819999999999,11.3425,14.171,11.3631,False
2.29281,7.58125,0.640259,2.51119,11.357000000000001,False
7.83754,5.586130000000001,694.091,11.2722,11.3553,False
5.8555,6.7878,115.16,12.0876,11.3543,False
6.0,5.5,1.0,7.00541,11.3513,False
3.84139,6.61384,0.155951,4.555280000000001,11.3445,False
2.7147099999999997,7.02371,3.40648,7.48295,11.3394,False
5.37346,7.14836,210.22799999999998,12.1001,11.3358,False
6.78425,6.217219999999999,221.97099999999998,11.8565,11.3194,False
1.9157,7.98561,0.336252,1.9355799999999999,11.3181,False
4.50784,6.05307,3.10352,7.81965,11.3181,False
4.70391,7.7058800000000005,108.38799999999999,12.1015,11.3149,False
5.55262,7.03388,827.709,12.0206,11.3126,False
2.14876,7.83132,0.158453,1.8738299999999999,11.3112,False
7.09443,5.82643,29.1396,11.3704,11.31,False
2.42688,7.500710000000001,0.147017,2.89241,11.3092,False
7.367189999999999,5.56745,27.0889,11.0413,11.3072,False
5.89827,5.8514,0.160353,5.93803,11.3065,False
3.0,7.0,0.1,3.25258,11.3064,False
4.65054,7.65455,31.5826,12.0513,11.3022,False
3.4764800000000005,6.729139999999999,0.586866,4.24697,11.3013,False
2.41792,7.530989999999999,0.10964000000000002,2.78335,11.2998,False
5.1041099999999995,5.602180000000001,7.747910000000001,11.9227,11.2968,False
5.18109,7.327560000000001,140.665,12.1215,11.2866,False
5.44473,5.52663,11.689,12.6773,11.2858,False
2.81737,7.71276,8.09874,13.4201,11.2846,False
2.56659,7.30163,1.27854,3.22174,11.2809,False
3.47419,6.803889999999999,0.30893000000000004,3.82395,11.2728,False
2.5617799999999997,7.39372,0.314117,2.90524,11.2722,False
4.28566,6.36463,1.47044,5.68356,11.2716,False
6.13456,5.7788,0.12206700000000001,5.97949,11.2641,False
2.0,8.0,0.1,1.51481,11.2634,False
4.613519999999999,6.0054,3.6379900000000003,7.9920100000000005,11.2471,False
6.61223,5.56002,0.333281,6.16448,11.2381,False
2.71508,7.3063,0.170153,3.10398,11.2355,False
7.018689999999999,6.13305,314.916,11.7088,11.2305,False
2.45185,7.5743,0.27152800000000005,2.61524,11.2279,False
6.253909999999999,5.7083699999999995,0.490151,6.29071,11.2265,False
2.19647,7.80121,0.597061,2.2465,11.2244,False
2.01809,7.8962699999999995,1.39862,3.30609,11.2162,False
6.48006,6.46133,100.546,11.8751,11.2108,False
3.0,7.0,1.0,3.6468599999999998,11.2034,False
3.0,8.0,10.0,13.0848,11.1987,False
4.33343,6.05396,6.0437,11.6518,11.1965,False
4.6759,7.82722,284.975,11.9166,11.1916,False
2.17813,7.75537,1.37555,2.97995,11.1845,False
6.0,6.0,0.1,5.073169999999999,11.1844,False
3.54305,7.06084,10.4714,14.4745,11.1823,True
4.44974,6.37325,1.52094,5.55802,11.1766,False
6.99901,5.561380000000001,0.164961,5.7592099999999995,11.152000000000001,False
3.2667200000000003,6.8849800000000005,1.07661,3.78419,11.1509,False
3.9927300000000003,6.4473199999999995,2.16053,6.2282,11.1495,False
5.82903,5.99927,0.99308,5.32017,11.1481,False
6.25125,5.8783900000000004,0.631948,5.4264,11.1473,False
3.50676,6.73787,1.43574,4.57567,11.1457,False
5.27389,6.20521,0.609114,5.2721,11.144,False
4.509930000000001,6.5115300000000005,0.351917,4.68508,11.1392,False
2.88345,7.245010000000001,0.321862,3.20732,11.1358,False
3.1497,7.036239999999999,6.22794,12.8061,11.1328,False
3.8516,6.5753,1.5267899999999999,5.35843,11.1299,False
7.0101,6.19791,65.2933,11.5721,11.1126,False
5.67894,5.6676400000000005,14.1726,13.1526,11.1058,False
5.0037,6.399430000000001,0.13273900000000002,4.843,11.1058,False
2.0,8.0,1.0,3.0793,11.0983,False
6.61292,5.63877,2.1120099999999997,6.56266,11.097000000000001,False
3.5821199999999997,6.5845899999999995,3.36269,8.16898,11.0958,False
3.3785800000000004,6.951010000000001,0.45573800000000003,3.3814300000000004,11.0925,False
6.0,6.0,1.0,5.16881,11.0905,False
4.6067800000000005,7.865239999999999,30.6091,11.6528,11.0861,False
2.1884,7.85037,1.5823200000000002,3.4291,11.0735,False
2.3208,7.8739300000000005,0.273325,1.9017700000000002,11.0622,False
5.0938300000000005,6.38548,0.26650999999999997,4.815919999999999,11.059000000000001,False
5.24726,6.34275,0.204248,4.84912,11.0566,False
5.55089,6.21776,0.395395,4.98998,11.056,False
3.1691599999999998,7.0402,0.963966,3.61091,11.0547,False
7.2877,5.60085,0.140271,5.4040300000000006,11.0534,False
7.23803,5.6202,0.200631,5.41547,11.0481,False
3.5599300000000005,6.68772,5.109380000000001,11.1785,11.0353,False
3.05019,7.2465399999999995,0.23663800000000001,3.26463,11.0341,False
5.0506,5.90008,4.74193,8.718539999999999,11.0277,False
4.8857800000000005,6.17351,2.95451,6.9022,11.0235,False
3.97888,7.86158,16.8328,12.6017,11.0217,False
7.112139999999999,5.71887,0.809439,5.52752,11.017000000000001,False
4.24648,7.77623,19.0703,12.2129,11.0126,False
5.3021400000000005,6.29116,0.809488,5.03155,11.0074,False
3.71328,7.17541,11.4237,13.9989,10.9978,False
7.71325,5.53116,0.24537899999999999,5.17577,10.9961,False
3.74605,7.47386,12.94,13.4929,10.9935,False
2.97847,7.08069,2.06061,4.760759999999999,10.982000000000001,False
5.0544199999999995,6.147469999999999,3.00407,6.8604199999999995,10.9683,False
7.35348,5.71963,0.140975,5.03903,10.9681,False
6.73292,6.45901,186.672,11.6162,10.9654,False
6.42935,6.47688,29.2083,11.677999999999999,10.9609,False
5.29189,7.441330000000001,49.9022,11.8136,10.9599,False
7.728260000000001,5.71024,34.3062,11.5655,10.9591,False
5.084919999999999,6.41287,0.8532959999999999,4.68648,10.9544,False
2.24993,7.9942899999999995,0.22800700000000002,1.8599400000000001,10.9393,False
5.81182,7.09583,133.515,11.6266,10.9391,False
6.0616900000000005,6.215269999999999,0.100387,4.52099,10.9276,False
5.22851,7.54892,587.967,11.753,10.923,False
3.11313,7.32971,0.300716,3.11942,10.9215,False
6.734780000000001,6.36111,35.3925,12.1143,10.9193,False
3.09503,7.3584,0.21713000000000002,3.08987,10.913,False
5.34966,6.40565,0.368804,4.56122,10.9127,False
3.96366,6.90005,0.114817,3.3564599999999998,10.8966,False
3.75817,7.08524,10.8711,14.0173,10.8922,True
7.265439999999999,5.84333,0.971784,4.80259,10.8895,False
8.515830000000001,5.51123,67.5557,10.7136,10.8864,False
4.2639,7.6896,17.4604,12.5346,10.8836,False
6.0,7.0,1000.0,11.5828,10.8805,False
6.0,7.0,100.0,11.5815,10.8805,False
3.83619,6.7504100000000005,1.79587,4.8652,10.8687,False
3.0,7.5,0.1,2.7461,10.8674,False
4.01803,6.905530000000001,0.190169,3.3056400000000004,10.8562,False
3.59496,6.783860000000001,4.354830000000001,9.57133,10.8509,False
6.66415,5.5591,4.01627,7.31257,10.8507,False
5.2617,7.5813,792.245,11.6599,10.8432,False
5.1750300000000005,7.65873,764.6619999999999,11.6322,10.8346,False
7.18295,6.28233,690.904,11.3758,10.8328,False
5.72173,6.37482,0.31415,4.455,10.8273,False
3.43433,7.05478,1.16225,3.87544,10.8265,False
5.50928,6.48516,0.183099,4.1481,10.8062,False
3.49971,6.89808,2.63332,6.470680000000001,10.7976,False
4.11365,6.88864,0.44793999999999995,3.5017300000000002,10.7859,False
5.26958,6.1106,13.3209,13.2887,10.7856,False
7.610360000000001,5.536630000000001,2.83243,6.175730000000001,10.7793,False
7.6131,5.95512,0.202013,3.82723,10.7772,False
7.412839999999999,6.17649,63.0207,11.1679,10.7696,False
3.6566099999999997,6.813269999999999,2.48512,6.4219599999999994,10.7634,False
8.7073,5.51755,461.001,10.6828,10.7498,False
6.1826300000000005,6.9623,923.053,11.4538,10.7476,False
6.0,5.5,10.0,11.2372,10.7469,False
8.64485,5.54718,282.263,10.6987,10.7453,False
6.91895,6.0679099999999995,1.08333,4.37392,10.7431,False
2.7019900000000003,7.59231,3.64601,8.07139,10.743,False
2.6456,7.909839999999999,0.138986,1.8157299999999998,10.7409,False
5.4242,7.52804,792.492,11.5296,10.739,False
3.0,7.5,1.0,2.71733,10.739,False
8.40387,5.60456,1.49485,4.78838,10.738,False
2.82551,7.799119999999999,0.200801,2.0421,10.7362,False
3.32766,7.198169999999999,7.758380000000001,13.571,10.7352,True
7.0956399999999995,6.38983,74.44800000000001,11.267000000000001,10.7339,False
2.49706,7.95753,0.30387800000000004,2.0070799999999998,10.7311,False
8.025889999999999,5.8596,375.95300000000003,10.9346,10.731,False
2.7774099999999997,7.7643699999999995,5.42704,11.3399,10.7308,False
7.3512699999999995,6.04636,0.289796,3.7065900000000003,10.7292,False
7.4233899999999995,6.04938,0.121951,3.6068300000000004,10.7275,False
8.60324,5.73765,0.444187,4.02131,10.7266,False
4.411519999999999,6.87988,0.105175,3.3652800000000003,10.7233,False
2.51443,7.768510000000001,2.20443,5.19185,10.7179,False
6.92675,6.12355,0.5841430000000001,3.9561,10.7174,False
2.97134,7.7016800000000005,0.23828400000000002,2.2951799999999998,10.7162,False
8.74409,5.5218,356.286,10.6507,10.7142,False
3.07995,7.56712,0.46604799999999996,2.5518400000000003,10.7136,False
7.797289999999999,5.65721,2.59274,5.3868,10.7031,False
8.51013,5.66285,1.47413,4.49559,10.6952,False
6.0602800000000006,5.80943,4.84521,7.8675,10.692,False
3.9328199999999995,7.067480000000001,0.331441,3.44582,10.692,False
6.54472,6.30627,0.134467,4.00065,10.6782,False
6.7168,5.96125,2.51665,5.42347,10.6722,False
3.45549,7.348660000000001,0.42826800000000004,3.0354,10.6722,False
5.1854,7.738339999999999,44.8723,11.5033,10.6683,False
3.25855,7.354439999999999,1.06989,3.0939,10.665,False
3.29653,7.4566,0.47880600000000006,2.7095700000000003,10.6647,False
8.89136,5.760730000000001,0.37950700000000004,3.67979,10.6564,False
6.3846099999999995,5.9577599999999995,3.08471,6.03871,10.6552,False
5.08036,7.89187,501.87199999999996,11.3038,10.6513,False
8.21006,5.96172,0.317706,3.3707300000000004,10.6381,False
6.0,6.5,0.1,3.8389,10.6343,False
6.07126,6.20936,2.21283,5.61022,10.6294,False
7.728269999999999,5.9971,1.0813,3.98348,10.6205,False
8.22499,5.97157,0.400471,3.3732900000000003,10.6176,False
7.55925,6.209230000000001,158.77700000000002,11.0764,10.6133,False
7.49205,6.2528,598.928,11.1065,10.6052,False
4.87064,6.15148,6.6066199999999995,11.8438,10.6022,False
5.2041900000000005,7.8253699999999995,195.87099999999998,11.2942,10.5975,False
10.0,5.5,0.1,3.5995800000000004,10.595999999999998,False
4.01185,7.1070199999999994,0.6510239999999999,3.52167,10.5811,False
7.82931,6.06724,0.561833,3.45724,10.5778,False
7.341060000000001,6.16823,0.6289020000000001,3.77265,10.5685,False
3.8664400000000003,7.2511600000000005,0.311471,3.22847,10.5671,False
8.57747,5.68295,503.249,10.5752,10.5632,False
8.7513,5.95378,0.11974000000000001,2.9677599999999997,10.5553,False
5.479509999999999,7.63658,264.683,11.32,10.5421,False
8.849789999999999,5.93901,0.405376,3.06873,10.5224,False
3.8064199999999997,7.34658,0.215371,3.0346900000000003,10.514000000000001,False
3.2110000000000003,7.62193,7.833480000000001,12.7469,10.5133,False
8.61905,6.01738,0.190477,2.8907700000000003,10.5119,False
8.14535,5.93918,356.535,10.77,10.5059,False
3.8854800000000003,7.2708699999999995,0.47820799999999997,3.1734299999999998,10.5055,False
4.51802,7.015910000000001,0.200295,3.5017099999999997,10.5046,False
7.42885,6.129230000000001,1.28588,4.1231800000000005,10.5037,False
10.0,5.5,1.0,3.88729,10.499,False
7.531039999999999,6.3061300000000005,121.163,11.0165,10.4913,False
4.48214,7.06336,0.121313,3.4824,10.4841,False
8.081339999999999,6.087280000000001,0.724947,3.50282,10.4769,False
5.76832,6.00666,4.91591,8.84623,10.4746,False
7.07309,6.5678600000000005,67.5712,11.0756,10.4739,False
5.12214,6.10971,10.1179,12.7954,10.4735,False
4.93575,6.878089999999999,0.20059200000000002,3.57206,10.4712,False
4.29427,7.49649,14.3865,12.7034,10.4704,False
3.6648400000000003,7.105569999999999,2.58948,5.82183,10.4565,False
4.37804,7.07457,0.513672,3.6418699999999995,10.4563,False
4.13092,6.7652,5.17181,10.4734,10.4517,False
9.2346,5.92687,0.469473,2.89296,10.4489,False
10.825999999999999,5.50022,0.308315,3.1926099999999997,10.4355,False
6.432169999999999,6.53608,0.11939100000000001,3.69688,10.4329,False
6.71807,6.7784,48.7922,11.3329,10.4236,False
5.64784,7.60058,538.435,11.1548,10.4169,False
7.159160000000001,6.06065,2.42886,4.90245,10.4143,False
10.6695,5.63822,0.165762,2.8026,10.407,False
6.0,6.5,1.0,4.45783,10.4027,False
6.32571,5.95507,16.2188,12.3965,10.4006,False
10.614,5.69262,0.13409000000000001,2.67935,10.4004,False
3.4557800000000003,7.480689999999999,1.1057,3.0516799999999997,10.380999999999998,False
7.3987300000000005,6.45523,991.5269999999999,10.9607,10.3781,False
3.53166,7.364269999999999,1.57945,4.00874,10.3704,False
4.36599,7.20883,0.317769,3.31874,10.3704,False
5.66547,6.73522,0.187007,3.59093,10.37,False
8.3902,5.55135,27.1543,10.1829,10.3581,False
3.27315,7.7671399999999995,0.5029710000000001,2.35305,10.3497,False
5.78755,7.55324,106.03299999999999,11.0433,10.3386,False
4.88432,6.568810000000001,12.0834,12.9475,10.3351,False
5.81101,6.744110000000001,0.101155,3.4682199999999996,10.33,False
3.6785,7.0902,3.67849,8.51962,10.3296,False
4.33809,7.29205,0.137845,3.1473400000000002,10.3232,False
11.1945,5.52153,0.878597,3.2309,10.3191,False
3.0,8.0,0.1,2.0049099999999997,10.3141,False
3.82259,7.4881,0.445849,2.7237,10.3131,False
6.4395,7.110710000000001,494.181,10.9707,10.3017,False
9.28492,5.54481,390.96,10.2252,10.2867,False
10.0,6.0,0.1,2.35042,10.2861,False
7.64363,6.34499,52.8325,10.994000000000002,10.2845,False
11.3797,5.62403,0.6905,2.72613,10.274000000000001,False
8.30275,6.01529,214.363,10.5753,10.2688,False
7.261080000000001,6.48096,35.7815,11.4254,10.2657,False
8.89517,6.16256,0.47602700000000003,2.9037,10.2514,False
4.193230000000001,7.40183,0.26193299999999997,2.76552,10.2501,False
8.54768,5.90085,441.162,10.4315,10.2481,False
8.669839999999999,5.84299,178.53799999999998,10.3688,10.2421,False
9.14785,5.6324,231.762,10.2516,10.2324,False
9.28195,5.57875,212.731,10.2049,10.2283,False
7.98108,5.91427,27.0738,10.3028,10.2232,False
8.348310000000001,6.032369999999999,557.694,10.5226,10.209,False
6.0,7.5,100.0,10.8685,10.2071,False
6.0,7.5,1000.0,10.8694,10.2071,False
6.52292,7.12568,176.24599999999998,10.8705,10.2065,False
4.6705,7.2595,0.20661100000000002,3.22246,10.198,False
4.16293,7.18261,1.5606200000000001,4.293080000000001,10.1974,False
5.67985,6.9024399999999995,0.16296,3.6369300000000004,10.179,False
9.1921,5.64811,265.07599999999996,10.2064,10.1758,False
8.935880000000001,5.75769,185.053,10.2471,10.1755,False
11.2256,5.85865,0.22180300000000003,2.02727,10.1681,False
4.96745,7.1655,0.21925300000000003,3.47975,10.1626,False
5.09547,6.742430000000001,1.7241400000000002,5.2752099999999995,10.1567,False
3.0,8.0,1.0,3.0615,10.1547,False
4.05323,7.67375,12.164000000000001,12.5111,10.1531,False
5.10069,7.07648,0.40433600000000003,3.70258,10.1485,False
4.43136,6.669910000000001,7.839980000000001,13.0513,10.1468,True
9.27616,5.6221,68.1484,10.0596,10.1393,False
3.6015300000000003,7.791939999999999,0.348219,2.28777,10.1393,False
11.7432,5.6954199999999995,0.8322780000000001,2.4049400000000003,10.1323,False
10.8885,5.951230000000001,0.228145,2.16886,10.1314,False
3.03075,7.803030000000001,3.2949800000000002,7.06988,10.1302,False
10.2481,6.07536,0.19133599999999998,2.3193900000000003,10.1259,False
5.07381,7.1561699999999995,0.233871,3.5110099999999997,10.1207,False
11.333,5.5405,2.16554,3.6088400000000003,10.1205,False
6.05221,6.8023,0.343907,3.6768300000000003,10.1084,False
3.13995,7.89648,1.2553,3.5016800000000003,10.1066,False
7.2694600000000005,6.543069999999999,30.0206,10.8583,10.1061,False
6.73309,5.5366599999999995,11.8614,10.6936,10.097000000000001,False
9.246210000000001,5.67391,120.161,10.1433,10.0969,False
10.0,6.0,1.0,2.7713200000000002,10.0887,False
10.1459,5.95063,1.1279700000000001,2.83018,10.0886,False
13.4106,5.545319999999999,0.116978,2.03567,10.0853,False
7.0621100000000006,6.54775,0.476642,3.63815,10.0845,False
4.1967,7.43663,0.71536,3.01234,10.077,False
6.93717,6.01963,4.45708,7.488630000000001,10.0748,False
8.945319999999999,5.71151,42.3471,10.5777,10.07,False
9.70722,6.08496,0.928066,2.76018,10.0694,False
3.98509,7.1182300000000005,5.56312,10.9629,10.0486,False
8.09188,6.256390000000001,52.4876,10.6619,10.0482,False
4.2165099999999995,7.66599,0.114692,2.37837,10.0419,False
7.88897,6.388240000000001,0.9646819999999999,3.83719,10.0229,False
4.53124,6.68721,7.73185,12.8044,10.0175,True
3.3080800000000004,7.94353,0.707336,2.8843900000000002,10.0166,False
7.1029800000000005,6.62408,0.259614,3.3172,10.015,False
4.50407,7.197839999999999,1.9269,4.9924599999999995,9.997530000000001,False
4.31797,7.355639999999999,1.41051,4.0707699999999996,9.996780000000001,False
3.5496199999999996,7.6538,1.5017,4.04881,9.99653,False
4.5074,7.3341199999999995,0.87571,3.3282800000000003,9.987110000000001,False
11.8841,5.9282,0.143109,1.8101599999999998,9.98616,False
4.20032,7.11251,3.96085,9.16532,9.976360000000001,False
6.7492,5.5964,12.1343,10.7919,9.97145,False
12.2527,5.8821,0.158551,1.7109,9.96895,False
5.84669,7.82335,161.026,10.6553,9.96758,False
6.0,7.0,0.1,3.7997900000000002,9.96596,False
6.9392,7.038880000000001,207.672,10.5974,9.9513,False
6.9425,7.052689999999999,504.99800000000005,10.5748,9.931410000000001,False
9.75893,5.583130000000001,143.465,9.86605,9.914489999999999,False
4.00098,7.84163,0.11253099999999999,2.23181,9.90964,False
4.43149,7.699339999999999,0.101489,2.31073,9.905660000000001,False
10.0,5.5,1000.0,9.76004,9.90451,False
10.0,5.5,100.0,9.75414,9.90421,False
3.7175599999999998,7.791580000000001,0.83501,3.0967,9.90398,False
4.76472,7.2211,1.5353299999999999,4.55659,9.88665,False
5.944030000000001,7.04616,0.25701199999999996,3.70073,9.88167,False
3.1861599999999997,7.873660000000001,3.5348300000000004,7.8200899999999995,9.87995,False
6.09074,6.162059999999999,6.31302,10.0635,9.8746,False
3.1954599999999997,7.88094,3.5017400000000003,7.747669999999999,9.86273,False
8.9413,6.38162,0.584174,3.09231,9.857610000000001,False
5.15736,7.351189999999999,0.253831,3.0661,9.85505,False
6.642060000000001,7.332089999999999,347.914,10.4584,9.84897,False
6.849260000000001,6.610060000000001,21.5442,10.6345,9.8377,False
4.285480000000001,7.71995,12.2879,12.1146,9.827169999999999,False
8.603580000000001,6.1763,134.435,10.1997,9.82125,False
8.24652,6.21992,34.6688,10.7029,9.818710000000001,False
9.67504,6.280069999999999,0.755205,2.93495,9.80551,False
9.426910000000001,5.63069,38.6272,10.4457,9.804110000000001,False
6.18304,6.567080000000001,3.24625,7.31182,9.80096,False
7.06752,5.73001,7.857710000000001,9.722380000000001,9.800180000000001,False
5.696000000000001,6.93271,1.45831,4.85572,9.800180000000001,False
3.61496,7.99604,0.522998,2.9276400000000002,9.7988,False
4.40982,7.5578899999999996,1.0401200000000002,3.67708,9.79395,False
13.1549,5.66133,1.6335,2.54936,9.79307,False
6.0,6.0,10.0,11.4431,9.790989999999999,False
7.695880000000001,6.4414,1.8330099999999998,4.95597,9.78819,False
5.92535,6.785989999999999,2.16415,6.04953,9.78619,False
4.91104,6.840439999999999,4.99693,9.74921,9.78232,False
7.297860000000001,6.6515,0.814346,3.96769,9.77586,False
10.582,6.26717,0.192576,2.20611,9.77559,False
12.341,5.97203,0.541032,1.70015,9.76935,False
5.13783,7.21357,1.17798,4.2660800000000005,9.764289999999999,False
6.0165,6.64319,15.8139,11.9614,9.7542,False
5.9566099999999995,6.40424,5.37039,9.61078,9.75057,False
4.73825,7.51743,0.713621,3.3349599999999997,9.74715,False
8.69254,6.54634,0.18601800000000002,2.7497599999999998,9.7451,False
4.49099,7.387010000000001,1.8288200000000001,5.04012,9.73315,False
13.1059,5.95404,0.201889,1.35576,9.72748,False
7.7619,6.569160000000001,1.0626200000000001,4.065840000000001,9.72675,False
9.20115,5.9413,773.8610000000001,9.90201,9.7209,False
5.407430000000001,7.4295,0.117095,2.97848,9.7199,False
4.51697,7.48968,1.37812,4.31151,9.71867,False
6.9135,6.335380000000001,4.2208,7.955419999999999,9.71763,False
7.022410000000001,6.6012699999999995,1.93682,5.53151,9.706710000000001,False
4.56166,7.127910000000001,4.4667699999999995,9.49227,9.69632,False
6.0,7.0,1.0,4.2119,9.69051,False
5.52963,6.47726,11.5077,12.0738,9.680810000000001,False
4.83654,7.5328100000000004,0.8629600000000001,3.68341,9.6785,False
10.2935,5.97227,2.62541,4.06153,9.672989999999999,False
6.20563,7.812710000000001,91.6875,10.2839,9.66336,False
9.53408,6.49068,0.13791199999999998,2.4272099999999996,9.65858,False
4.40378,7.62815,1.1541,3.94506,9.65713,False
6.0,8.0,1000.0,10.2333,9.65531,False
6.0,8.0,100.0,10.2326,9.655289999999999,False
4.48926,7.1734100000000005,4.71537,9.76805,9.63667,False
8.90269,6.15937,91.3192,9.964830000000001,9.631110000000001,False
5.68391,6.2946,10.1286,11.9548,9.62898,False
12.3995,6.14428,0.11400199999999999,1.51114,9.627289999999999,False
3.39171,7.94528,3.04258,6.65638,9.62668,False
8.94239,6.03477,41.0461,10.3466,9.62161,False
9.8819,6.42563,0.501233,2.52311,9.60704,False
13.1384,5.94503,0.88766,1.7327,9.6048,False
4.24972,7.844339999999999,0.634592,3.22859,9.597339999999999,False
14.375,5.9013800000000005,0.214921,1.06243,9.59291,False
8.489189999999999,5.56395,19.4058,10.3008,9.580789999999999,False
7.54564,6.9518,152.49,10.232000000000001,9.5807,False
6.29934,7.086689999999999,0.669769,3.77167,9.57724,False
10.2913,5.9679,3.04885,4.502280000000001,9.57461,False
18.0,5.5,0.1,1.7802200000000001,9.57036,False
10.4034,5.55843,509.583,9.47246,9.57029,False
10.0,6.5,0.1,2.29129,9.567860000000001,False
10.4204,5.55161,83.6133,9.41972,9.56639,False
13.9145,5.73457,1.8149099999999998,2.43162,9.56595,False
16.0019,5.74897,0.102697,1.22841,9.561960000000001,False
3.4861699999999995,7.981310000000001,2.70033,6.05125,9.56184,False
8.92267,6.1418099999999995,47.982,10.1957,9.55665,False
15.0222,5.862769999999999,0.168457,0.989168,9.554210000000001,False
7.4828600000000005,6.786989999999999,0.7093619999999999,4.07985,9.55194,False
13.8823,6.01475,0.15874000000000002,1.07139,9.546669999999999,False
5.97689,6.8289100000000005,3.08257,7.148789999999999,9.5433,False
5.29526,7.5716,0.420745,3.3338099999999997,9.54026,False
9.27482,6.588539999999999,0.318594,2.93306,9.53862,False
8.95653,6.607480000000001,0.49816400000000005,3.27208,9.53068,False
6.201280000000001,6.1723,12.202,11.8273,9.52652,False
14.1504,5.99892,0.155506,1.02031,9.52618,False
6.3906,7.8106,163.834,10.1003,9.51481,False
9.85127,5.79384,73.7837,9.55835,9.5117,False
7.04617,6.902139999999999,0.8983639999999999,4.28956,9.49895,False
17.861,5.56085,0.437224,1.7142099999999998,9.49465,False
13.1673,6.08641,0.406771,1.5171,9.49433,False
7.02107,7.37736,488.32300000000004,10.0839,9.49138,False
16.6681,5.64698,0.726813,1.69215,9.490639999999999,False
7.27125,7.21195,539.507,10.0897,9.480260000000001,False
6.0,7.5,0.1,3.0079,9.47382,False
8.21172,5.95624,5.6775,7.637569999999999,9.466330000000001,False
7.107489999999999,7.30709,52.0565,10.1429,9.46141,False
5.2784699999999996,7.9161600000000005,17.4007,10.8509,9.457239999999999,False
13.994000000000002,5.7173300000000005,2.38999,2.86243,9.45593,False
9.16473,5.74753,5.8932199999999995,6.9316,9.455589999999999,False
6.33231,7.916810000000001,232.032,10.0439,9.455219999999999,False
11.4013,6.38555,0.10613099999999999,1.7331900000000002,9.45417,False
4.25335,7.597519999999999,2.4988,6.6872,9.44908,False
7.0279,6.32281,17.349,11.4511,9.44656,False
18.0,5.5,1.0,2.02788,9.441419999999999,False
4.87093,7.797839999999999,0.42456400000000005,3.2755799999999997,9.43389,False
5.41133,7.3508,1.56722,4.82504,9.43193,False
8.03963,6.38174,3.5397,6.754239999999999,9.42902,False
7.06787,7.0479,0.5494640000000001,3.7923,9.41567,False
8.025360000000001,6.631689999999999,30.4638,10.1645,9.4136,False
4.593459999999999,7.6407,1.54788,4.68381,9.40418,False
7.44487,7.16672,162.717,10.0084,9.40015,False
12.056,6.2788,0.408462,1.8355599999999999,9.39783,False
7.70188,6.7268,1.7204400000000002,5.19928,9.39439,False
6.91327,7.19481,0.258323,3.42855,9.39025,False
4.6016699999999995,7.065239999999999,8.18242,12.1486,9.3871,False
4.594040000000001,7.46449,2.77374,7.2984800000000005,9.38563,False
3.76732,7.86408,7.511239999999999,11.3284,9.382489999999999,False
17.9609,5.65638,0.424544,1.44774,9.37929,False
5.92523,7.5659,0.15576600000000002,3.3689,9.37921,False
8.79171,6.7157800000000005,0.539446,3.60201,9.37086,False
11.5975,6.267869999999999,0.992657,2.51431,9.34414,False
6.46899,6.92465,2.51412,6.26297,9.33527,False
5.40841,7.2620000000000005,2.26658,5.99414,9.330630000000001,False
10.0,6.5,1.0,3.57459,9.32457,False
4.9076,7.00893,9.72909,12.3738,9.30028,True
6.42769,7.485760000000001,0.167987,3.40575,9.300139999999999,False
9.13429,6.30802,273.448,9.69932,9.294,False
3.9839900000000004,7.752460000000001,3.4706900000000003,7.99622,9.29085,False
17.4186,5.67015,1.26331,1.97243,9.28166,False
17.5092,5.83591,0.13867000000000002,0.918077,9.2773,False
8.303989999999999,6.95529,0.26271,3.4556,9.2746,False
12.0598,6.42331,0.109323,1.8778299999999999,9.27425,False
8.65686,6.58782,317.795,9.81381,9.269910000000001,False
12.6576,5.90632,2.84029,3.7577199999999995,9.26521,False
7.34478,7.36411,193.641,9.84955,9.26043,False
6.0357199999999995,6.60208,6.0286,10.2283,9.2557,False
6.13398,6.773039999999999,4.74656,9.21486,9.25372,False
5.376869999999999,7.83007,0.255363,3.39676,9.23863,False
15.3426,5.9252400000000005,1.0859299999999998,1.78322,9.2347,False
7.083489999999999,7.2278,0.857139,4.13359,9.22614,False
9.62474,6.778739999999999,0.145379,3.0692,9.21674,False
18.7245,5.7637,0.167934,1.06233,9.21614,False
7.95909,7.02707,0.642514,4.0093,9.20765,False
14.2616,6.19766,0.167326,1.1828,9.205210000000001,False
6.798830000000001,7.813789999999999,638.405,9.72387,9.19947,False
6.08887,6.54127,12.5192,11.5388,9.19775,False
7.51198,7.309810000000001,91.9961,9.779160000000001,9.1954,False
7.14204,7.324330000000001,0.471258,3.71105,9.189060000000001,False
12.0127,6.3055699999999995,1.05562,2.65675,9.18564,False
6.0,7.5,1.0,4.29424,9.184510000000001,False
6.1098300000000005,7.6818800000000005,0.27965,3.59268,9.163039999999999,False
7.4911,7.3592699999999995,730.393,9.744439999999999,9.15908,False
14.1789,5.8781099999999995,2.43475,3.1518200000000003,9.15638,False
18.307000000000002,5.72738,0.948175,1.6997799999999998,9.15369,False
8.83818,6.66525,1.80165,4.77466,9.152619999999999,False
10.0,6.0,1000.0,9.35064,9.141739999999999,False
10.0,6.0,100.0,9.347480000000001,9.141630000000001,False
4.72662,7.57777,10.9761,11.6969,9.13348,True
8.15174,7.1139399999999995,0.413789,3.7193400000000003,9.12377,False
8.73787,6.66745,91.6872,9.677389999999999,9.12048,False
8.86412,6.901860000000001,0.697734,3.96256,9.12043,False
7.176480000000001,7.32286,25.9902,9.8347,9.10908,False
5.79099,7.503639999999999,1.38319,4.8800300000000005,9.10573,False
14.658,5.5850800000000005,3.9463699999999995,3.18427,9.1016,False
4.7682400000000005,7.56645,10.9725,11.6621,9.09816,True
10.275,6.767410000000001,0.2595,2.95802,9.08584,False
12.3707,5.91672,3.66679,4.1060099999999995,9.08162,False
8.47974,6.83635,88.4485,9.687660000000001,9.07788,False
15.5974,6.15994,0.152248,1.08841,9.075339999999999,False
11.0067,5.6691,106.116,9.058810000000001,9.074060000000001,False
11.4402,6.582389999999999,0.45852,2.70228,9.065489999999999,False
11.5526,6.01043,3.7947599999999997,4.67282,9.06129,False
6.6786,7.92117,32.9485,9.78477,9.05822,False
14.8146,6.21246,0.352546,1.421,9.0528,False
9.95447,6.09325,442.664,9.298789999999999,9.04957,False
6.0,6.5,10.0,11.4353,9.04678,True
6.81455,7.97792,223.148,9.52248,9.03195,False
12.9788,5.74259,4.31381,4.0807400000000005,9.01977,False
20.6933,5.74851,0.125026,1.11079,9.01096,False
8.80255,5.866280000000001,19.9027,9.96655,9.009160000000001,False
16.5078,6.12744,0.117969,1.0286600000000001,8.9948,False
16.4848,5.72803,2.5775,2.39459,8.98659,False
18.0,6.0,0.1,0.8387379999999999,8.985389999999999,False
9.03253,7.13335,0.16229000000000002,3.40685,8.97729,False
10.6131,5.8806199999999995,79.7607,9.0915,8.96325,False
9.88388,5.547969999999999,8.16235,6.70627,8.96155,False
17.9977,6.0098199999999995,0.147328,0.9177139999999999,8.95547,False
12.8624,5.62057,5.2148900000000005,4.38399,8.95245,False
7.5851,6.04711,7.97652,9.55596,8.93908,False
12.546,6.587860000000001,0.216394,2.13008,8.932830000000001,False
6.56659,7.5469,0.932264,4.49969,8.932269999999999,False
10.0,7.0,0.1,3.16525,8.93087,False
4.301080000000001,7.685969999999999,7.4031199999999995,10.960999999999999,8.929730000000001,False
6.5681899999999995,7.153919999999999,2.75034,7.17143,8.92923,False
8.29536,7.07096,615.401,9.56242,8.92425,False
14.4128,6.22673,0.980466,2.18698,8.92199,False
8.34905,6.24795,20.1292,9.9782,8.90934,False
7.09318,7.9033,298.42400000000004,9.38278,8.9031,False
6.09408,7.761410000000001,0.72033,4.36086,8.90105,False
6.0,8.0,0.1,3.9169699999999996,8.89907,False
7.87604,7.01578,1.95376,5.58556,8.886989999999999,False
11.4151,6.79131,0.194124,2.66248,8.886280000000001,False
7.54327,7.58895,0.128372,3.6875400000000003,8.885810000000001,False
4.91862,7.57913,3.85664,8.403780000000001,8.884030000000001,False
12.9603,6.52179,0.482867,2.20405,8.87115,False
14.0226,6.4672,0.12723900000000002,1.58271,8.87068,False
7.301880000000001,7.6191,30.0868,9.452119999999999,8.870460000000001,False
6.206119999999999,7.08258,4.27365,8.84923,8.86936,False
10.8549,5.56752,30.8139,9.09047,8.86844,False
6.6646,6.377000000000001,8.09261,10.7919,8.847439999999999,False
12.6646,6.65145,0.212459,2.17112,8.83849,False
11.3935,6.8585199999999995,0.152918,2.7534400000000003,8.82967,False
9.39821,7.2482,0.154978,3.47422,8.82036,False
10.8239,6.96022,0.174121,3.07219,8.819189999999999,False
10.8825,6.8852199999999995,0.449061,3.24335,8.815560000000001,False
13.1539,6.624389999999999,0.136184,1.95055,8.8145,False
6.08244,7.7648,0.9960629999999999,4.80521,8.81027,False
6.01985,7.137239999999999,4.51717,8.97718,8.80823,False
7.92622,7.43271,0.5567409999999999,4.0605199999999995,8.80642,False
7.455439999999999,7.62815,0.264219,3.8372300000000004,8.805060000000001,False
15.4732,6.3503,0.177491,1.34744,8.798010000000001,False
12.4963,6.39907,1.89533,3.4527300000000003,8.79352,False
11.203,6.728960000000001,0.967081,3.39935,8.79102,False
10.0739,7.09855,0.397508,3.53966,8.78198,False
10.3784,7.08765,0.231877,3.31549,8.78196,False
20.0544,5.818890000000001,0.977794,1.51849,8.7805,False
24.7375,5.555969999999999,0.271068,1.57094,8.77564,False
6.6753,7.89841,0.146501,4.09313,8.77275,False
7.24424,7.9358699999999995,750.659,9.22787,8.77103,False
6.57052,7.91183,0.211236,4.18038,8.76672,False
18.0,6.0,1.0,1.65775,8.75395,False
7.63253,5.99118,10.9553,9.61507,8.75372,False
7.550669999999999,7.74402,141.99,9.22213,8.74537,False
24.2576,5.60519,0.35555,1.46238,8.74057,False
5.09491,7.36543,6.03022,9.75509,8.73968,False
8.94632,6.88726,146.829,9.34188,8.73508,False
19.338,6.04622,0.138879,0.974769,8.73497,False
7.26515,7.3039,1.7901200000000002,5.64003,8.728489999999999,False
10.8462,7.093439999999999,0.10983,3.12324,8.72265,False
7.40181,7.75586,0.130234,3.9777699999999996,8.72095,False
8.26021,7.29287,755.795,9.28161,8.71456,False
22.0766,5.83458,0.162895,1.12448,8.70925,False
7.4466,7.751539999999999,0.14035899999999998,3.99761,8.708969999999999,False
5.85158,7.830210000000001,1.37332,5.48187,8.70837,False
10.0,7.0,1.0,4.083480000000001,8.70284,False
4.95127,7.895969999999999,2.86774,7.0803899999999995,8.68486,False
10.0,5.5,10.0,6.820810000000001,8.68068,False
10.3142,7.190180000000001,0.176101,3.3481699999999996,8.6795,False
9.74052,6.53204,101.066,9.13894,8.673639999999999,False
7.540089999999999,7.82942,374.296,9.12016,8.6731,False
9.087710000000001,6.876519999999999,885.095,9.26243,8.66592,False
11.1761,7.08908,0.11461500000000001,3.05183,8.65709,False
7.92035,7.57936,951.155,9.184510000000001,8.65675,False
7.75105,7.25352,1.75685,5.61307,8.656410000000001,False
13.2931,6.362430000000001,2.1753400000000003,3.65731,8.65324,False
5.97831,7.86074,1.28833,5.39171,8.65285,False
16.660999999999998,6.3284400000000005,0.25448000000000004,1.28775,8.64893,False
10.4067,7.17687,0.258179,3.38901,8.64591,False
10.5592,6.07986,48.6292,9.1203,8.64364,False
8.22622,7.588239999999999,0.26347600000000004,3.97474,8.63472,False
12.4294,6.9065,0.128666,2.4933099999999997,8.62485,False
6.742089999999999,7.8049800000000005,0.813786,4.84336,8.61788,False
7.47497,7.939989999999999,148.184,9.045110000000001,8.61652,False
16.4056,6.2918400000000005,0.7172850000000001,1.68232,8.6162,False
12.2462,6.931010000000001,0.192945,2.6329599999999997,8.61542,False
5.68343,7.6388,3.0728400000000002,7.51903,8.59628,False
8.77479,7.5263800000000005,0.196145,3.82519,8.59424,False
19.5557,6.10649,0.283882,1.07381,8.59154,False
9.73877,7.09467,1.09448,4.42662,8.58441,False
10.0222,6.47912,503.147,8.99349,8.57525,False
8.196710000000001,5.9648,14.4025,10.1497,8.573039999999999,False
6.0,8.0,1.0,4.9694199999999995,8.56847,False
10.0,6.5,1000.0,8.993960000000001,8.56535,False
10.0,6.5,100.0,8.99194,8.56531,False
8.56654,7.559060000000001,0.325884,4.0739,8.5573,False
9.8815,6.5686,394.68300000000005,9.02887,8.55679,False
14.3093,6.66438,0.404975,2.07268,8.526869999999999,False
8.39776,7.6917100000000005,0.127038,4.10024,8.52355,False
15.6227,6.28719,1.6345399999999999,2.59349,8.51935,False
8.535810000000001,6.21888,18.0185,10.055,8.51678,False
8.323319999999999,6.2611,6.93872,8.867569999999999,8.51657,False
7.614339999999999,7.5938,1.12544,5.11296,8.5105,False
4.8288,7.684360000000001,6.43874,9.7542,8.51034,False
8.869110000000001,7.130560000000001,65.0375,9.084489999999999,8.50345,False
10.0167,6.28285,29.3337,8.84946,8.502310000000001,False
7.77177,7.85999,105.734,8.93764,8.5002,False
8.436119999999999,7.294739999999999,38.6932,9.48284,8.48912,False
17.61,5.78102,3.15167,2.68687,8.485339999999999,False
8.29205,7.512160000000001,87.0684,9.00176,8.48335,False
8.0264,7.701460000000001,348.668,8.97483,8.48224,False
10.8941,7.14527,0.5417810000000001,3.67,8.46596,False
8.29043,6.52338,5.90845,8.60308,8.45537,False
11.6809,7.06912,0.440749,3.3358,8.45011,False
11.3039,6.02116,470.88199999999995,8.6872,8.44182,False
7.655689999999999,6.1717,11.3537,9.84063,8.43608,False
15.1122,6.25231,2.3449299999999997,3.1200200000000002,8.42352,False
13.6873,6.906439999999999,0.12237200000000001,2.26382,8.41577,False
6.0,7.0,10.0,11.109000000000002,8.401010000000001,True
12.1173,5.78526,385.405,8.4571,8.387319999999999,False
10.0,7.5,0.1,3.8088599999999997,8.37847,False
12.6246,5.62481,522.212,8.40348,8.37716,False
14.0757,5.96831,4.360580000000001,4.21004,8.36965,False
8.10262,7.785239999999999,284.215,8.82831,8.36461,False
5.99659,7.381469999999999,4.75845,8.70001,8.36163,False
11.1292,6.08809,50.668,8.7813,8.36047,False
20.6209,5.8597,1.8586099999999999,1.79582,8.355830000000001,False
14.3159,6.22123,3.1451,3.92615,8.35189,False
21.2348,6.01848,0.873091,1.30704,8.348980000000001,False
12.3834,6.724589999999999,1.96845,4.4800699999999996,8.339189999999999,False
15.5783,6.73659,0.13633199999999998,1.7832700000000001,8.3386,False
10.5085,6.46211,518.866,8.71982,8.33806,False
10.0969,7.39265,0.522047,4.1477699999999995,8.333839999999999,False
18.0,6.5,0.1,1.15559,8.33044,False
10.3461,7.454969999999999,0.199793,3.8637900000000003,8.324069999999999,False
21.2208,6.1925,0.186376,0.9561649999999999,8.323080000000001,False
8.39705,7.6398,868.138,8.82199,8.31207,False
5.2946,7.97324,3.16974,7.265910000000001,8.31189,False
10.5908,6.3743,48.4316,8.9122,8.310839999999999,False
8.45187,7.90153,0.144316,4.64187,8.30369,False
4.82985,7.98994,8.52192,10.3965,8.3026,False
21.616999999999997,6.07479,0.616291,1.1866,8.29915,False
9.04915,7.261889999999999,249.15599999999998,8.879760000000001,8.28806,False
8.35148,7.62979,44.0086,9.025030000000001,8.28093,False
15.9982,6.27449,2.21503,2.95145,8.27867,False
9.03058,7.201510000000001,44.0893,9.27245,8.27374,False
11.668,7.141380000000001,0.723985,3.92446,8.26246,False
4.9214400000000005,7.926069999999999,8.43956,10.4119,8.25262,False
10.3156,7.38506,0.740437,4.50026,8.237969999999999,False
9.25123,7.42505,1.47747,5.881959999999999,8.2379,False
8.73451,5.95437,13.7467,9.51834,8.235339999999999,False
25.0275,5.92709,0.143538,0.938328,8.23276,False
7.37398,6.455030000000001,11.8122,10.2801,8.22873,False
9.484160000000001,6.7244399999999995,4.49144,7.4368,8.22414,False
5.0014,7.79748,7.7343399999999995,10.2195,8.223519999999999,False
12.9365,7.0784,0.404762,3.24558,8.22348,False
5.602930000000001,7.8609,11.6202,10.3995,8.21303,False
10.2932,6.843889999999999,3.2859300000000005,6.4929,8.2117,False
12.7012,6.1669599999999996,4.77993,5.1857,8.19398,False
25.9071,5.8891599999999995,0.114503,0.97393,8.191469999999999,False
9.79446,7.701910000000001,0.188892,4.40614,8.19037,False
14.0163,6.15837,4.08009,4.32878,8.18803,False
17.3454,6.5175,0.8449469999999999,1.96701,8.17478,False
11.9766,5.99529,555.244,8.395389999999999,8.17431,False
8.84732,7.721139999999999,0.998308,5.58603,8.16313,False
11.0415,6.37467,254.05700000000002,8.50775,8.16114,False
11.0309,6.31209,49.6806,8.67318,8.160160000000001,False
6.92577,7.11035,13.8997,10.1291,8.158389999999999,False
9.87117,7.28338,1.8803,5.8402400000000005,8.15645,False
11.3067,6.64704,3.64115,5.965669999999999,8.15616,False
13.1642,5.87387,6.01834,4.98683,8.14991,False
12.1641,5.95476,115.204,8.32231,8.14667,False
10.0,7.5,1.0,5.33882,8.14053,False
8.69788,7.639480000000001,652.405,8.63258,8.14051,False
12.6834,6.43711,3.7282,5.152819999999999,8.13692,False
10.0321,7.554869999999999,0.806729,5.13854,8.13283,False
14.0467,7.0829699999999995,0.16151600000000002,2.8512299999999997,8.12857,False
10.7263,6.40727,37.5146,9.006860000000001,8.11933,False
18.3021,6.55199,0.45620900000000003,1.6261,8.1178,False
22.1952,6.13389,0.686793,1.24517,8.11346,False
12.2661,6.27126,4.856669999999999,5.67192,8.11243,False
12.293,5.94594,274.361,8.27378,8.10497,False
17.8122,6.67392,0.18271500000000002,1.61389,8.10109,False
32.0,5.5,0.1,1.56372,8.09949,False
11.3133,6.30844,67.57300000000001,8.32174,8.08789,False
9.14948,7.70742,1.1099299999999999,5.60842,8.08226,False
7.98053,7.2133199999999995,3.9203099999999997,7.67271,8.07835,False
22.2,6.12367,0.909911,1.3462100000000001,8.05328,False
10.0,7.0,1000.0,8.62705,8.053239999999999,False
10.0,7.0,100.0,8.62537,8.05321,False
29.1729,5.73116,0.107295,1.23298,8.05307,False
18.0,6.5,1.0,2.0123599999999997,8.05017,False
13.5782,7.21281,0.185772,3.2939800000000004,8.048639999999999,False
10.8032,7.698360000000001,0.115826,4.533180000000001,8.04764,False
11.4866,6.92514,2.63587,5.6679,8.034460000000001,False
11.1638,6.71248,3.8500400000000004,6.27712,8.03275,False
22.4666,6.0764,1.0691899999999999,1.4068,8.03207,False
11.3728,6.35651,485.75699999999995,8.34853,8.02552,False
7.62657,6.49465,9.35178,9.7801,8.01866,False
21.4997,6.31324,0.5205310000000001,1.19551,8.00179,False
9.59983,7.6133,1.39094,5.74465,8.000810000000001,False
11.7322,7.14341,1.7439099999999998,5.16389,7.98915,False
28.3288,5.60675,1.17723,1.6695799999999998,7.9863800000000005,False
16.3599,6.93542,0.119975,2.2260299999999997,7.985339999999999,False
11.3594,6.406540000000001,641.9680000000001,8.32979,7.98164,False
12.8123,5.87871,289.098,8.112110000000001,7.980810000000001,False
15.0518,6.9172899999999995,0.8704860000000001,3.20283,7.976960000000001,False
20.5594,5.95378,2.59633,2.1953400000000003,7.9629199999999996,False
10.3984,7.64041,0.988452,5.3455699999999995,7.943960000000001,False
26.6052,5.9259900000000005,0.516846,1.10843,7.9338,False
9.81739,7.960789999999999,0.173806,4.763780000000001,7.92732,False
21.2807,6.4703800000000005,0.224439,1.09422,7.91135,False
6.0,7.5,10.0,10.4548,7.91063,True
11.5647,7.701389999999999,0.152159,4.65991,7.90728,False
21.7958,6.04317,1.87693,1.8310400000000002,7.90486,False
17.595,6.87955,0.115225,2.04936,7.9034,False
13.0364,5.8728,611.434,8.03856,7.90061,False
11.1476,6.6032399999999996,537.361,8.29645,7.89433,False
18.7112,6.7689,0.153744,1.68249,7.885260000000001,False
30.7238,5.73692,0.12093800000000002,1.2975,7.88059,False
10.0,8.0,0.1,4.629,7.87213,False
24.0539,5.56597,3.34157,2.21962,7.87086,False
14.2923,5.5045,346.454,8.126539999999999,7.863760000000001,False
10.7016,6.6546199999999995,33.8599,8.73299,7.863689999999999,False
32.8385,5.55575,0.366671,1.5875700000000001,7.854710000000001,False
21.9797,6.23431,1.11113,1.49435,7.848669999999999,False
17.2516,6.96939,0.10256099999999999,2.2658400000000003,7.84864,False
11.1672,6.63092,63.5289,8.20359,7.8425899999999995,False
11.3226,6.57401,215.58700000000002,8.23638,7.8421,False
30.5104,5.66873,0.636089,1.48684,7.837439999999999,False
8.94655,7.891939999999999,1.28224,5.57806,7.83449,False
11.0,7.40533,1.6428900000000002,5.51135,7.83415,False
12.4898,6.104080000000001,207.04,8.111189999999999,7.833939999999999,False
26.3317,6.00063,0.624571,1.12639,7.8258,False
32.0,5.5,1.0,1.79476,7.82223,False
24.9724,5.66641,2.63755,1.9453200000000002,7.82138,False
9.87228,6.08954,17.2872,9.05517,7.818860000000001,False
9.67566,7.29092,37.3983,8.86278,7.812930000000001,False
27.4809,5.96995,0.443039,1.08213,7.797560000000001,False
9.627410000000001,7.488360000000001,561.179,8.319410000000001,7.79133,False
16.8493,6.51342,2.21487,3.1835,7.79055,False
13.0712,5.9562800000000005,162.357,7.9582,7.78781,False
10.0,6.0,10.0,7.36367,7.78633,False
24.256999999999998,6.09922,1.0537,1.3234299999999999,7.78602,False
9.192039999999999,7.689010000000001,45.6633,8.47337,7.7811,False
10.4798,7.868939999999999,0.61636,5.04957,7.77822,False
13.4996,5.83271,82.9842,7.87696,7.77054,False
24.5799,6.25641,0.324621,0.9591370000000001,7.764130000000001,False
29.614,5.69196,1.0695700000000001,1.55675,7.76092,False
6.68575,7.99188,2.9060099999999998,6.832269999999999,7.74573,False
10.402000000000001,7.12525,161.211,8.32341,7.74355,False
23.5628,5.77968,2.84122,2.07008,7.7432300000000005,False
12.1715,6.67992,4.2026900000000005,6.00632,7.72923,False
9.19599,7.44825,2.86009,6.52856,7.72422,False
17.6143,6.96586,0.35477,2.3052799999999998,7.723510000000001,False
13.7562,5.79884,189.388,7.86861,7.721030000000001,False
10.386,7.14225,62.912,8.257719999999999,7.72042,False
18.0,7.0,0.1,2.10058,7.71794,False
9.1179,6.53029,7.261019999999999,8.48405,7.7155,False
25.9402,6.17276,0.366001,0.9841489999999999,7.71125,False
27.5055,5.50164,2.90556,2.0022900000000003,7.709039999999999,False
9.70018,7.519539999999999,55.6813,8.27246,7.70635,False
5.80551,7.878760000000001,5.5422199999999995,8.279689999999999,7.70517,False
7.5938,7.41555,4.52442,7.765389999999999,7.70281,False
7.0443,7.27067,6.23355,8.86969,7.70229,False
12.4346,7.7063,0.323035,4.49367,7.69822,False
9.90799,6.68843,21.3705,8.56312,7.69773,False
10.46,6.08916,18.7702,8.75345,7.69672,False
15.6092,7.310989999999999,0.133905,3.19863,7.693219999999999,False
11.956,6.44675,418.055,8.01641,7.68548,False
10.2895,7.2607800000000005,715.3889999999999,8.262360000000001,7.671889999999999,False
18.0819,6.54659,1.8968,2.75105,7.66586,False
32.8196,5.55513,1.01013,1.73525,7.65373,False
14.4805,7.47933,0.208434,3.76801,7.6505399999999995,False
9.40943,7.64571,2.19503,6.10469,7.65013,False
18.8078,6.6769300000000005,1.11874,2.29937,7.64987,False
9.81042,7.425860000000001,38.74,8.65756,7.6475,False
17.0076,5.998419999999999,4.866619999999999,3.6428599999999998,7.64438,False
22.6617,6.04983,2.3024299999999998,1.9235400000000002,7.6413899999999995,False
9.86435,7.53828,290.89599999999996,8.15373,7.638889999999999,False
11.7958,6.635960000000001,4.86952,6.37487,7.63506,False
15.6107,7.29175,0.34083,3.2915300000000003,7.63342,False
33.7668,5.687119999999999,0.243894,1.4492399999999999,7.619,False
19.5734,5.78857,4.8036900000000005,2.9629,7.613919999999999,False
10.0,7.5,1000.0,8.13669,7.60815,False
10.0,7.5,100.0,8.13541,7.6081199999999995,False
9.28512,7.05359,4.90795,7.512630000000001,7.607260000000001,False
14.0443,7.14785,1.60012,4.3634699999999995,7.6062199999999995,False
18.2346,6.55242,1.9998099999999999,2.8102400000000003,7.60306,False
10.4399,6.79648,25.1332,8.18118,7.59943,False
7.58667,7.624630000000001,3.9012,7.31335,7.59244,False
11.4275,7.56292,1.49842,5.27501,7.5846800000000005,False
27.6457,6.055630000000001,0.694509,1.13588,7.58379,False
16.0089,7.16627,0.7168439999999999,3.22039,7.5823100000000005,False
6.0,8.0,10.0,9.71984,7.5689,False
6.89014,7.53533,5.43599,8.2221,7.56862,False
23.2943,6.4442699999999995,0.62171,1.24866,7.56645,False
9.974260000000001,7.5617600000000005,72.5192,8.04142,7.56548,False
26.511,6.07544,1.0602200000000002,1.2578799999999999,7.55998,False
6.71903,7.984260000000001,3.5386800000000003,6.924060000000001,7.55324,False
15.6779,7.36119,0.30959899999999996,3.3625800000000003,7.5506,False
13.7512,5.958069999999999,659.9119999999999,7.735010000000001,7.54035,False
10.0,8.0,1.0,5.18133,7.538760000000001,False
14.337,5.8600900000000005,7.36295,4.6432,7.537610000000001,False
5.85456,7.96788,8.63136,9.6024,7.524560000000001,False
12.7855,7.66564,0.684556,4.51371,7.51825,False
14.1348,5.8344,64.8037,7.6856800000000005,7.516610000000001,False
15.2859,7.508430000000001,0.10544100000000001,3.50451,7.51642,False
14.7431,5.67899,352.04900000000004,7.76235,7.50973,False
9.0936,7.197010000000001,4.6978800000000005,7.5017,7.50937,False
15.5546,7.3391,0.542148,3.5106699999999997,7.507969999999999,False
12.9534,5.63929,25.5284,7.7168600000000005,7.5022,False
10.149,7.310569999999999,29.2203,8.19329,7.48804,False
26.3848,5.92459,1.98268,1.6508,7.48745,False
8.62616,7.448989999999999,4.00801,7.187310000000001,7.48672,False
19.3748,7.030819999999999,0.128891,1.9570299999999998,7.480230000000001,False
27.5687,6.0967400000000005,0.8952760000000001,1.17432,7.476030000000001,False
7.9392,7.89277,2.889,6.52517,7.4594,False
13.9971,6.902810000000001,3.0358099999999997,4.9694,7.455369999999999,False
24.7865,5.85302,2.92794,1.9991599999999998,7.45459,False
12.0408,6.67053,399.695,7.8541300000000005,7.4535,False
10.7021,7.247310000000001,50.035,8.23917,7.45326,False
18.1647,7.017360000000001,0.736988,2.61132,7.4473,False
34.5682,5.5224400000000005,1.29764,1.76466,7.44425,False
9.61009,7.962160000000001,285.02099999999996,7.85602,7.441110000000001,False
21.6751,6.66823,0.710396,1.65973,7.4378,False
26.0322,6.30869,0.65003,1.092,7.43681,False
19.3935,6.92374,0.624935,2.2048099999999997,7.434830000000001,False
9.70174,7.908689999999999,189.24599999999998,7.85697,7.43452,False
23.3107,6.68745,0.109073,1.1326200000000002,7.425680000000001,False
10.3142,7.44065,41.0374,8.39403,7.423830000000001,False
13.5958,7.7815199999999995,0.200922,4.07531,7.42345,False
23.0687,6.7095199999999995,0.11975,1.1818799999999998,7.42275,False
13.832,6.7281699999999995,3.9191,5.179209999999999,7.42045,False
9.7179,7.9206199999999995,140.942,7.83886,7.41914,False
34.0124,5.81224,0.28990900000000003,1.34303,7.41755,False
32.0,6.0,0.1,1.05084,7.415539999999999,False
21.8047,6.720960000000001,0.535713,1.60131,7.415139999999999,False
10.1528,7.662939999999999,691.8660000000001,7.89163,7.414510000000001,False
13.0309,6.2592300000000005,55.3833,7.7866,7.413989999999999,False
14.1504,7.288469999999999,1.55164,4.41018,7.40848,False
12.3229,6.5956600000000005,700.44,7.78454,7.4036800000000005,False
18.0,7.0,1.0,2.84232,7.40228,False
29.7543,6.1452800000000005,0.22889600000000002,0.9261719999999999,7.40217,False
15.5927,7.3869,0.631252,3.56081,7.398689999999999,False
14.5386,5.85508,326.547,7.6010800000000005,7.3876800000000005,False
24.368000000000002,6.566730000000001,0.393069,1.1548399999999999,7.3676699999999995,False
9.98397,7.7686,2.1108700000000002,5.88702,7.367210000000001,False
21.0078,6.0563400000000005,3.7387900000000003,2.58208,7.366969999999999,False
8.12081,7.94053,17.5644,8.70453,7.36419,False
13.0731,7.82981,0.417091,4.296819999999999,7.360469999999999,False
7.46485,7.431310000000001,5.94771,8.32134,7.354480000000001,False
21.2454,6.747999999999999,0.827732,1.89782,7.3524199999999995,False
14.6625,7.39412,1.11019,4.10597,7.34842,False
15.7066,6.29029,5.11965,4.34636,7.33634,False
28.7319,6.26513,0.286477,0.9026860000000001,7.33522,False
14.7108,5.85553,559.391,7.556939999999999,7.33062,False
6.8851,7.50225,9.88228,9.7714,7.31672,True
10.8759,7.3905199999999995,976.4830000000001,7.8797,7.312810000000001,False
9.23288,7.469360000000001,20.1048,8.40805,7.3078199999999995,False
9.098130000000001,7.58873,20.1811,8.41473,7.30726,False
11.329,7.029719999999999,37.5872,8.29533,7.30657,False
11.3801,5.94118,16.715999999999998,7.929119999999999,7.305910000000001,False
14.9608,6.989660000000001,2.60233,4.48925,7.3052600000000005,False
18.9673,7.056,0.727537,2.56347,7.30072,False
21.7182,6.9633,0.11404600000000001,1.62827,7.280360000000001,False
6.86413,7.47956,8.96418,9.646980000000001,7.27937,True
10.9241,7.408810000000001,680.3839999999999,7.841589999999999,7.279160000000001,False
9.671389999999999,7.05325,5.57549,7.521439999999999,7.2706100000000005,False
9.297880000000001,6.44038,11.5794,8.45785,7.26675,False
24.3493,6.72076,0.13338599999999998,1.13095,7.2662,False
16.6807,6.71853,3.0482,3.8726599999999998,7.2635,False
32.2024,6.0858099999999995,0.217293,1.0061200000000001,7.2582,False
21.1868,7.020510000000001,0.171972,1.80608,7.25674,False
14.2513,6.820989999999999,3.8020300000000002,5.04169,7.2484399999999996,False
23.6112,5.66714,4.96614,2.2939700000000003,7.2470300000000005,False
28.3762,6.26553,0.710901,1.10176,7.243130000000001,False
8.23865,7.4538899999999995,5.13618,7.67855,7.24309,False
10.0,8.0,1000.0,7.64102,7.242389999999999,False
10.0,8.0,100.0,7.64012,7.242369999999999,False
16.3259,7.432239999999999,0.614271,3.4189599999999998,7.2254,False
32.8007,5.58325,2.2551,1.7460200000000001,7.220269999999999,False
32.5418,6.0967199999999995,0.196851,1.02355,7.21939,False
28.1631,6.36414,0.460055,1.01823,7.21537,False
12.0101,6.982239999999999,107.804,7.67961,7.21152,False
16.2029,6.04323,6.39328,4.154780000000001,7.207319999999999,False
13.2242,6.45339,692.814,7.54864,7.2027,False
14.4597,6.843610000000001,3.7491,4.98042,7.1981399999999995,False
14.6228,5.55262,12.1813,5.32466,7.195060000000001,False
11.6727,5.91895,15.5162,7.58708,7.190060000000001,False
21.9026,6.7636899999999995,1.06376,2.00529,7.18526,False
18.654,6.57412,3.10698,3.2856099999999997,7.175439999999999,False
7.238460000000001,7.7541899999999995,11.8137,9.27295,7.173960000000001,True
9.62128,6.64963,15.5794,8.88279,7.1698699999999995,True
23.7461,6.860189999999999,0.14375,1.36081,7.169289999999999,False
17.4073,7.45648,0.295224,3.0022599999999997,7.15592,False
28.2535,6.49633,0.10778399999999999,0.894349,7.15543,False
16.096,5.6180900000000005,916.123,7.65075,7.14687,False
19.6763,5.69337,6.906289999999999,3.18249,7.14503,False
35.4094,5.7189,1.1157299999999999,1.56162,7.14277,False
32.0,6.0,1.0,1.28796,7.1254800000000005,False
11.4599,7.3468800000000005,451.86300000000006,7.68233,7.11888,False
10.3302,6.8479399999999995,6.4871099999999995,7.4550600000000005,7.10273,False
18.0,7.5,0.1,2.7976799999999997,7.092639999999999,False
33.4297,5.86261,1.2247,1.42966,7.09165,False
14.2903,6.2171400000000006,881.066,7.37484,7.079969999999999,False
10.7789,7.779380000000001,132.658,7.5198100000000005,7.07543,False
11.4345,7.42545,496.84,7.62415,7.06813,False
18.0,5.5,10.0,3.59562,7.06302,False
15.0084,6.04459,89.6882,7.29103,7.04033,False
23.8141,5.83383,4.72361,2.36997,7.033589999999999,False
12.4669,7.44873,2.74686,5.53209,7.0331399999999995,False
10.5734,7.97963,206.59599999999998,7.43343,7.02475,False
31.9804,6.1001,0.919141,1.23827,7.023560000000001,False
14.8572,6.1068,765.862,7.30075,7.0226,False
20.4145,7.25853,0.243272,2.1989,7.0206,False
10.0,6.5,10.0,7.85394,7.00418,False
8.65803,6.951039999999999,8.64653,8.7785,7.00373,True
13.9469,5.78064,24.849,7.230980000000001,6.974080000000001,False
12.9556,6.846010000000001,653.69,7.38662,6.97266,False
12.6016,6.9957199999999995,58.8738,7.41595,6.96438,False
15.91,5.85918,209.275,7.30046,6.96085,False
12.8762,6.90717,518.526,7.3861,6.95525,False
18.2513,7.50179,0.378999,2.8910099999999996,6.94623,False
12.0423,7.30535,72.3322,7.43462,6.93721,False
12.6648,6.09917,9.79575,5.80278,6.934880000000001,False
22.2004,7.0747100000000005,0.568901,1.92205,6.9175699999999996,False
13.5246,6.66972,288.611,7.269010000000001,6.91402,False
25.2015,6.947360000000001,0.120157,1.27072,6.90649,False
16.6065,5.72476,311.624,7.40314,6.89515,False
11.8239,7.47878,112.37899999999999,7.43082,6.8883600000000005,False
11.4745,6.16841,12.3891,7.21564,6.8784,False
11.0517,7.978260000000001,2.07326,5.45624,6.870830000000001,False
17.223,5.57788,637.9209999999999,7.58255,6.863230000000001,False
16.176,5.57214,12.2633,4.814369999999999,6.85958,False
17.5329,7.673039999999999,0.323783,3.1441,6.85848,False
28.9218,5.92199,3.09579,1.8809900000000002,6.8499,False
9.04946,7.85077,3.8945800000000004,6.56153,6.84428,False
33.2671,6.36108,0.154093,0.9807680000000001,6.8393,False
33.0966,6.09368,1.20366,1.33933,6.8304,False
11.0307,6.30277,12.4049,7.48336,6.82211,False
12.3771,6.10112,17.5439,7.65225,6.81698,False
32.0,6.5,0.1,0.9300350000000001,6.80668,False
21.165,6.15299,4.89431,2.9219999999999997,6.79926,False
14.1959,7.814089999999999,1.31374,4.50821,6.798760000000001,False
27.3383,6.45789,1.59081,1.54263,6.797999999999999,False
11.8713,7.60284,171.609,7.2996,6.78742,False
32.571999999999996,6.42446,0.272038,0.994134,6.78693,False
20.1124,7.13952,1.4116600000000001,2.79681,6.77953,False
23.7425,6.5113,2.56102,2.17087,6.7762899999999995,False
20.9505,6.1984699999999995,4.8593,2.97172,6.76538,False
21.1641,7.1524399999999995,1.07379,2.4577299999999997,6.75719,False
10.0949,7.513739999999999,4.74943,6.8151399999999995,6.757160000000001,False
18.0,7.5,1.0,3.27678,6.74862,False
19.5809,7.58605,0.187323,2.59121,6.7424800000000005,False
34.7612,6.2556400000000005,0.42891599999999996,1.10986,6.739489999999999,False
12.3508,7.43195,64.186,7.21633,6.732,False
20.2035,5.9076,6.79553,3.21558,6.73118,False
18.0,5.5,1000.0,7.62298,6.72763,False
18.0,5.5,100.0,7.61463,6.72705,False
41.8363,5.82409,0.26024,1.51148,6.72565,False
41.2683,5.8762300000000005,0.20798000000000003,1.45431,6.722,False
16.0836,7.55911,1.60651,4.02085,6.70804,False
24.3352,7.045789999999999,0.5865739999999999,1.70281,6.7057899999999995,False
14.2566,6.64381,300.76099999999997,7.073910000000001,6.705310000000001,False
14.8631,5.62046,19.4866,6.53254,6.69768,False
10.2065,7.4376,5.21108,6.9111,6.69635,False
26.6512,6.347569999999999,2.4930000000000003,1.76131,6.69415,False
12.0497,7.6361300000000005,62.295,7.1604,6.69279,False
37.7445,6.095269999999999,0.37603600000000004,1.24579,6.69066,False
41.8499,5.84607,0.29347,1.50359,6.6875800000000005,False
10.9211,6.8493,7.3917600000000006,7.2586699999999995,6.68622,False
16.8518,5.8881,186.695,7.107310000000001,6.67448,False
13.64,6.94445,206.31,7.092239999999999,6.67442,False
11.8562,7.74615,53.8216,7.219810000000001,6.67212,False
15.633,6.24121,71.6012,6.93151,6.654789999999999,False
13.1062,7.399710000000001,3.67445,5.5889,6.653910000000001,False
17.0401,5.86092,456.414,7.12765,6.65065,False
19.5804,7.6504,0.223176,2.69024,6.64955,False
13.8488,6.8059,48.7826,7.19545,6.64543,False
17.4291,5.5557099999999995,12.4151,4.541919999999999,6.64535,False
11.2615,7.972739999999999,2.55177,5.5245,6.640619999999999,False
32.3113,6.59323,0.148782,0.945042,6.631869999999999,False
17.123,7.9076,0.33739600000000003,3.4144300000000003,6.62581,False
26.4029,6.75679,1.23518,1.60706,6.620310000000001,False
12.8908,7.549930000000001,3.27241,5.57395,6.6199699999999995,False
18.3667,7.299869999999999,1.86827,3.48589,6.6183,False
12.1683,7.71782,154.634,7.09087,6.61268,False
16.482,6.06704,499.00699999999995,6.960089999999999,6.6062899999999996,False
16.7077,7.9934,0.299386,3.5277800000000004,6.598789999999999,False
13.3064,7.2096800000000005,357.439,7.06565,6.59678,False
21.2515,5.51566,9.94174,3.06715,6.59135,False
25.7404,7.1577399999999995,0.104628,1.39755,6.587260000000001,False
17.0505,7.9878100000000005,0.229739,3.4198199999999996,6.58415,False
15.4004,6.42005,831.071,6.9248199999999995,6.56772,False
32.8636,6.571460000000001,0.271391,0.9788899999999999,6.56163,False
10.084,7.40683,6.0555699999999995,7.13435,6.55218,False
18.0541,7.7671399999999995,0.6201949999999999,3.26888,6.54629,False
19.1379,7.2133199999999995,2.0885700000000003,3.3359300000000003,6.54253,False
8.476239999999999,7.552639999999999,7.84382,8.20899,6.528,False
15.5258,6.42671,496.365,6.88726,6.52796,False
13.6628,7.15455,133.026,6.97607,6.52538,False
16.11,6.26136,294.42400000000004,6.87339,6.5236,False
37.3349,6.30066,0.22426500000000002,1.09627,6.51714,False
12.4628,7.90707,2.4799599999999997,5.24226,6.515630000000001,False
13.2023,7.37565,173.38299999999998,7.008660000000001,6.5140199999999995,False
19.9566,7.7245,0.202601,2.66574,6.51323,False
21.0595,7.64152,0.12063800000000001,2.3686700000000003,6.50933,False
14.5251,5.87641,19.1697,6.648510000000001,6.50028,False
24.2652,7.342960000000001,0.151644,1.6992900000000002,6.49302,False
18.0,8.0,0.1,3.1743099999999997,6.48631,False
32.0,6.5,1.0,1.20944,6.4736400000000005,False
24.7037,7.21265,0.5252829999999999,1.7469999999999999,6.46488,False
12.677999999999999,7.721239999999999,297.763,6.931989999999999,6.4496,False
12.7645,7.696739999999999,134.94899999999998,6.925739999999999,6.43821,False
12.2789,7.97594,137.671,6.81915,6.43184,False
15.4622,7.560630000000001,2.57322,4.58411,6.427630000000001,False
48.383,5.70099,0.12884500000000002,1.7161400000000002,6.42587,False
14.7397,5.99655,21.8279,6.875260000000001,6.42431,False
10.0,7.0,10.0,7.786639999999999,6.42399,False
42.1647,6.07411,0.158777,1.33087,6.42079,False
17.0624,7.43495,2.4051099999999996,4.06625,6.41836,False
33.8379,6.60727,0.29546500000000003,0.984359,6.41542,False
27.2475,6.713139999999999,1.7172,1.6894900000000002,6.41199,False
41.7584,5.969930000000001,0.6968409999999999,1.4952,6.40864,False
35.7018,6.3777099999999995,0.6641739999999999,1.14901,6.40843,False
17.3345,6.46711,6.22593,4.1376599999999994,6.4041,False
15.1118,6.72428,728.666,6.78638,6.39982,False
11.7792,7.72946,25.2659,7.0005,6.3948599999999995,False
12.0945,6.6339999999999995,9.00818,6.616060000000001,6.39288,False
28.2543,7.10036,0.180763,1.2148700000000001,6.36611,False
15.6244,6.4701699999999995,42.5164,7.0321,6.35077,False
13.4289,7.53153,233.92700000000002,6.842239999999999,6.34325,False
12.7088,7.89744,681.363,6.754289999999999,6.33962,False
12.9822,7.761819999999999,438.624,6.804130000000001,6.33409,False
8.64971,7.825139999999999,11.1967,8.31926,6.3301300000000005,True
14.3008,7.16712,80.8455,6.7439100000000005,6.32733,False
21.4639,6.92788,2.9671,2.98486,6.3271,False
13.644,7.465260000000001,624.405,6.81217,6.32391,False
14.2153,7.12252,5.22611,5.59115,6.32251,False
43.6648,6.050009999999999,0.195116,1.3943299999999998,6.32196,False
22.7694,7.52141,0.454599,2.18261,6.31995,False
39.5049,6.25588,0.432101,1.2166,6.3176,False
10.786,7.44365,17.3941,7.85975,6.31749,False
30.0098,6.7248,1.16529,1.35333,6.31404,False
11.585,7.34121,5.954619999999999,6.54376,6.313359999999999,False
20.9109,7.7371,0.36851,2.57404,6.309480000000001,False
9.052769999999999,7.786410000000001,12.5382,8.1576,6.30766,False
30.3561,6.72745,1.08854,1.31549,6.30446,False
29.9414,6.388809999999999,2.46572,1.6086200000000002,6.30284,False
32.1352,6.6855899999999995,0.787736,1.1573,6.296530000000001,False
18.0,6.0,1000.0,6.803030000000001,6.29208,False
18.0,6.0,100.0,6.79697,6.2918,False
16.136,6.52225,258.627,6.67037,6.29143,False
47.878,5.845219999999999,0.125025,1.61301,6.28455,False
13.0035,7.8364199999999995,181.852,6.735580000000001,6.28376,False
17.7419,6.918480000000001,4.55057,4.1364,6.2836099999999995,False
32.4276,6.82873,0.260121,0.998817,6.2798099999999994,False
23.8957,7.53135,0.202873,1.9124700000000001,6.27955,False
15.2454,6.75288,48.7202,6.82775,6.2752300000000005,False
8.41488,7.91971,7.78125,7.750369999999999,6.26714,False
18.1068,5.87247,45.8405,7.14606,6.26216,False
25.8472,7.21519,0.740859,1.7225,6.25758,False
18.7011,7.26996,2.8960000000000004,3.73885,6.24629,False
19.2219,5.62975,53.1906,7.38117,6.24249,False
14.8194,7.07425,99.9429,6.6551800000000005,6.24139,False
10.9239,6.91838,10.0442,7.31221,6.24029,False
33.7106,6.24706,2.14047,1.51475,6.23915,False
18.6563,6.01269,9.11004,4.0054099999999995,6.23002,False
13.9674,6.37303,10.0321,5.52069,6.2296,False
19.5819,5.6458900000000005,309.712,7.19366,6.22601,False
16.7506,6.06956,31.2726,6.82572,6.2241599999999995,False
47.66,5.71071,0.960917,1.71835,6.21467,False
9.71454,7.4476,12.3558,8.00545,6.213030000000001,False
27.01,7.0340300000000004,1.19302,1.67035,6.20544,False
32.0472,5.63898,5.8657,2.1097599999999996,6.20456,False
18.8175,5.8925,213.947,6.87886,6.19712,False
18.7809,5.7133199999999995,41.7264,7.57753,6.19454,False
18.1754,6.07284,280.606,6.68387,6.19044,False
21.7696,7.77751,0.302635,2.4365799999999997,6.18567,False
17.9892,6.4951,6.549519999999999,3.97525,6.18387,False
18.0,6.0,10.0,4.19011,6.18101,False
56.0,5.5,0.1,1.9054099999999998,6.17111,False
32.0,7.0,0.1,0.986943,6.16688,False
30.1794,5.60565,6.9555,2.24662,6.16674,False
15.4559,6.91454,65.4244,6.47505,6.15921,False
24.9768,7.416980000000001,0.5881569999999999,1.87867,6.15629,False
14.1322,7.15275,29.0837,6.74712,6.15488,False
46.2168,5.94511,0.5491699999999999,1.56625,6.152430000000001,False
24.6835,7.5807,0.158655,1.82939,6.1523900000000005,False
19.9446,7.608410000000001,1.50191,3.1745400000000004,6.14582,False
37.7479,6.43953,0.7127220000000001,1.17274,6.14201,False
37.0279,6.4444,0.8700190000000001,1.2001600000000001,6.14189,False
55.6411,5.52417,0.193669,1.88917,6.13815,False
18.9178,7.99055,0.6857270000000001,3.23652,6.135280000000001,False
15.9254,6.80167,746.15,6.536519999999999,6.13331,False
11.8044,7.8121100000000006,4.3972,5.96079,6.13056,False
15.5789,6.6697,34.9708,6.86275,6.1296800000000005,False
38.6739,6.55992,0.104473,0.992812,6.1292,False
13.3158,7.96903,202.00099999999998,6.52599,6.12515,False
18.0,8.0,1.0,3.54641,6.12301,False
9.40501,7.545210000000001,9.8296,8.16188,6.1213,True
14.2433,7.532710000000001,224.11900000000003,6.597110000000001,6.11715,False
32.0379,7.0248800000000005,0.16697599999999999,1.01711,6.11028,False
20.8757,7.99653,0.150517,2.66383,6.0972800000000005,False
25.3831,6.73613,3.08031,2.29196,6.09534,False
36.3466,6.681489999999999,0.38242,1.0056399999999999,6.07977,False
13.5639,6.89323,21.1966,7.01403,6.07536,False
29.1287,7.04285,0.9593309999999999,1.43856,6.0739,False
55.7419,5.52302,0.41884899999999997,1.88383,6.07204,False
18.9247,6.5023599999999995,6.50059,3.7536099999999997,6.0673,False
28.4528,6.32872,3.88651,2.05983,6.06458,False
16.2111,6.801260000000001,150.895,6.47316,6.06436,False
13.773,7.84808,222.438,6.50884,6.06384,False
46.6718,5.6605300000000005,1.97763,1.7112900000000002,6.06196,False
19.6043,5.86193,375.374,6.849660000000001,6.050330000000001,False
21.3555,6.570880000000001,5.2486,3.21446,6.0488599999999995,False
24.1138,7.523960000000001,0.785977,2.16525,6.0473099999999995,False
9.713510000000001,7.59397,8.1068,7.7492399999999995,6.0454300000000005,False
13.8994,7.58122,4.38016,5.4755400000000005,6.04252,False
14.9624,7.689830000000001,3.4643599999999997,4.95819,6.04039,False
19.3452,5.9497800000000005,963.068,6.7379,6.03686,False
50.7207,5.841480000000001,0.36246300000000004,1.67575,6.02615,False
28.1513,6.10762,5.1824699999999995,2.14662,6.02156,False
25.4037,6.43807,4.499630000000001,2.4598299999999997,6.01924,False
18.9087,6.08779,602.197,6.5812100000000004,6.01837,False
43.8802,6.13347,0.795198,1.45718,6.01699,False
22.873,7.84773,0.230613,2.28951,6.00995,False
18.0649,6.6706199999999995,6.30526,4.10388,6.00483,False
46.9158,6.12303,0.191149,1.4244700000000001,6.00323,False
22.4858,7.52689,1.37837,2.64577,6.00254,False
19.77,5.8804099999999995,276.89099999999996,6.804930000000001,6.00135,False
17.7562,5.89098,28.1459,6.5271099999999995,5.99217,False
19.062,6.0858,578.137,6.569389999999999,5.98785,False
26.3422,6.773280000000001,2.99864,2.1894,5.97788,False
42.9192,6.40271,0.1613,1.15678,5.97262,False
18.5455,6.23977,90.8149,6.43079,5.97178,False
16.3973,6.87202,729.123,6.37999,5.97098,False
10.0,7.5,10.0,7.77015,5.9669,True
48.1098,5.52351,2.66485,1.8476700000000001,5.96405,False
29.3856,7.0335399999999995,1.28811,1.53816,5.9505300000000005,False
25.451999999999998,5.74087,9.04805,2.63857,5.94561,False
13.5564,6.52617,13.5,6.52316,5.9324900000000005,False
56.0,5.5,1.0,1.86955,5.93121,False
16.4439,5.9715300000000004,16.9848,5.66629,5.92675,False
21.3084,6.5800600000000005,5.65874,3.2824400000000002,5.92265,False
13.5405,7.350689999999999,5.99516,5.89449,5.91697,False
17.5548,6.51299,53.781000000000006,6.4063099999999995,5.91672,False
16.2333,7.318560000000001,4.84432,4.92189,5.89759,False
43.4041,6.24902,0.857669,1.38605,5.89646,False
17.1097,6.74728,517.7280000000001,6.31278,5.89548,False
28.6042,7.34841,0.587554,1.4941799999999998,5.89023,False
16.5483,6.876119999999999,51.9376,6.39086,5.88511,False
18.0,6.5,1000.0,6.3066,5.8843,False
18.0,6.5,100.0,6.30304,5.88419,False
24.7822,7.380269999999999,1.53416,2.26592,5.883369999999999,False
38.9536,6.72395,0.250436,0.9835200000000001,5.872330000000001,False
19.6912,7.83007,1.63314,3.36711,5.871919999999999,False
18.4498,6.3997,402.464,6.3163,5.86684,False
18.5423,6.10164,36.2515,6.84312,5.8657900000000005,False
18.7612,6.320130000000001,82.2425,6.29955,5.8604400000000005,False
17.4396,6.693980000000001,867.296,6.26735,5.859780000000001,False
32.0,7.0,1.0,1.29966,5.85939,False
23.3885,7.83113,0.577625,2.35299,5.84813,False
40.4117,6.25743,1.67465,1.47759,5.84645,False
14.7646,7.614380000000001,38.4834,6.72125,5.84189,False
25.686,7.24826,1.8886599999999998,2.1858,5.83689,False
14.6724,7.87551,119.25299999999999,6.25896,5.818969999999999,False
20.4352,6.020230000000001,10.2815,3.7545800000000003,5.817830000000001,False
19.4289,5.55956,19.3268,5.37601,5.81543,False
25.125999999999998,6.03081,7.77963,2.84943,5.81224,False
23.8618,7.61365,1.23739,2.4386200000000002,5.8114,False
31.1499,7.20193,0.6842560000000001,1.29693,5.80564,False
33.3437,6.9004199999999996,1.17477,1.2747700000000002,5.80527,False
51.8993,5.98717,0.314456,1.60657,5.80109,False
16.8733,7.322369999999999,4.91394,4.74118,5.78584,False
24.8984,6.06119,7.90135,2.89805,5.76483,False
16.671,6.27907,23.3762,6.26255,5.76127,False
19.9435,7.79752,2.01687,3.44861,5.75114,False
19.6491,7.58678,2.88306,3.69544,5.74927,False
40.1837,5.59574,5.44143,2.0072900000000002,5.7474300000000005,False
35.4009,7.121760000000001,0.11948099999999999,0.9428540000000001,5.743040000000001,False
17.3144,6.67238,7.722,4.4453,5.73195,False
19.8357,6.1982099999999996,70.7501,6.28107,5.73008,False
17.2206,6.13854,22.9884,6.18618,5.72381,False
39.5088,6.872330000000001,0.100262,0.9214479999999999,5.71786,False
37.4014,6.67658,1.2731700000000001,1.22575,5.71565,False
31.2634,7.211930000000001,0.905666,1.36768,5.71215,False
55.9045,5.52799,1.77597,1.83526,5.71122,False
13.6812,6.94272,9.08226,5.99193,5.70775,False
19.3261,5.75213,16.8277,4.75068,5.7076,False
25.7566,7.89237,0.144371,1.91113,5.706,False
15.0316,7.4985100000000005,5.34569,5.41501,5.70547,False
19.2644,6.4059,206.3,6.18591,5.6992,False
16.3618,7.355410000000001,437.846,6.120769999999999,5.69735,False
15.5013,7.7525,916.3510000000001,6.14176,5.68628,False
20.2843,7.8026100000000005,2.08643,3.4110300000000002,5.68492,False
17.1852,7.043260000000001,115.09700000000001,6.08701,5.68454,False
16.0143,7.55634,283.005,6.11493,5.6719599999999994,False
17.4327,7.01986,6.30651,4.56871,5.6505,False
10.7655,7.69849,8.482999999999999,7.2420800000000005,5.64527,False
21.0832,7.29426,3.8178400000000003,3.4274400000000003,5.64495,False
13.4868,6.862019999999999,14.2112,6.71702,5.64289,False
10.0,8.0,10.0,7.6445,5.6394,True
22.6972,5.627759999999999,305.902,6.83277,5.62918,False
17.4696,6.09469,17.2729,5.43432,5.61343,False
19.4773,6.22006,37.2504,6.63058,5.60958,False
56.0,6.0,0.1,1.6479099999999998,5.60935,False
32.0,7.5,0.1,1.1658,5.60685,False
14.4201,6.82798,17.1477,6.70869,5.59702,False
28.5131,7.7728,0.135399,1.55836,5.59131,False
21.2551,5.96715,54.6471,6.60612,5.58833,False
54.5028,6.09066,0.152651,1.57254,5.58345,False
32.0,5.5,10.0,2.42913,5.56416,False
50.815,5.93792,1.65284,1.62505,5.56393,False
20.5017,6.5895399999999995,7.31045,3.59369,5.56346,False
18.7578,6.73485,128.32299999999998,5.9942400000000005,5.56184,False
49.1306,5.665369999999999,3.3772599999999997,1.85792,5.55759,False
18.0,7.0,1000.0,5.97587,5.54439,False
18.0,7.0,100.0,5.97359,5.54436,False
24.9253,7.853739999999999,0.9620350000000001,2.32482,5.54395,False
29.4517,7.757569999999999,0.106456,1.45917,5.539969999999999,False
26.3306,7.99432,0.180181,1.9268299999999998,5.53791,False
51.5811,6.03886,1.17079,1.61344,5.53442,False
25.4087,6.60962,5.4195400000000005,2.7509900000000003,5.53273,False
20.1734,6.41078,147.934,6.06235,5.526330000000001,False
48.8188,5.599080000000001,4.00097,1.91648,5.52064,False
40.341,6.3080099999999995,2.7147200000000002,1.63035,5.50723,False
59.6733,5.6376599999999994,1.28914,1.84745,5.5043,False
13.5576,7.87713,20.5334,6.38839,5.50026,False
21.0949,6.23086,417.385,6.18625,5.49216,False
63.8052,5.71508,0.132641,1.8556099999999998,5.492030000000001,False
18.0,6.5,10.0,4.4701900000000006,5.48274,False
44.9751,6.741689999999999,0.175574,1.0403799999999999,5.47074,False
51.0965,6.3273,0.37999099999999997,1.4067399999999999,5.4703599999999994,False
33.4731,7.4953899999999996,0.218739,1.13646,5.463080000000001,False
68.5291,5.50329,0.260371,1.90609,5.45681,False
59.0725,5.96201,0.21858899999999998,1.71061,5.45477,False
19.2125,5.96218,21.4028,5.70287,5.4512599999999996,False
16.4406,7.8159600000000005,536.386,5.89228,5.45109,False
39.7627,7.06922,0.253932,0.939127,5.44839,False
22.4527,5.621169999999999,16.660999999999998,4.2514199999999995,5.44691,False
43.2624,6.78598,0.485596,1.06406,5.44175,False
18.8568,6.92692,324.17400000000004,5.85636,5.424519999999999,False
17.2053,7.556889999999999,427.161,5.84251,5.41559,False
17.7663,7.33604,112.565,5.78209,5.40977,False
15.1111,7.67793,24.4548,6.18847,5.40915,False
17.4518,7.4722100000000005,517.499,5.81891,5.40614,False
26.6198,7.7836300000000005,1.16878,2.15616,5.40029,False
21.9061,6.16359,91.9021,6.18698,5.39886,False
20.0791,6.556260000000001,55.2607,5.96291,5.39882,False
53.3451,6.26967,0.46657200000000004,1.47852,5.38171,False
56.0,6.0,1.0,1.6634799999999998,5.3779699999999995,False
33.4604,7.4988,0.494429,1.2309999999999999,5.374219999999999,False
28.1291,7.92471,0.42479399999999995,1.8014599999999998,5.3741699999999994,False
42.8104,6.84242,0.629567,1.07249,5.37186,False
28.7865,7.92921,0.26695599999999997,1.68195,5.36946,False
15.2984,7.86378,5.06998,5.1974800000000005,5.35649,False
17.5342,7.54283,329.59,5.7759599999999995,5.35621,False
28.334,6.48687,5.85651,2.3871900000000004,5.34741,False
18.7615,6.746569999999999,32.4232,6.01039,5.34414,False
31.5365,6.75529,3.6944800000000004,1.9453799999999999,5.33884,False
18.1453,7.338419999999999,261.047,5.707380000000001,5.3341400000000005,False
20.9652,5.76583,22.5393,5.58424,5.3316,False
24.541999999999998,5.62489,391.001,6.63455,5.32728,False
32.0,7.5,1.0,1.47554,5.3242,False
29.4087,7.6420699999999995,1.16791,1.79761,5.32038,False
24.872,5.55471,228.56799999999998,6.70546,5.31961,False
43.7681,6.65181,1.30351,1.26981,5.312069999999999,False
18.6844,7.067819999999999,46.8198,5.924919999999999,5.30645,False
38.5844,7.000839999999999,1.26108,1.1904700000000001,5.29641,False
47.7538,6.763330000000001,0.138849,1.06459,5.2958300000000005,False
57.9159,5.93023,1.24187,1.7046700000000001,5.2952699999999995,False
22.5965,6.16317,241.227,6.15235,5.28725,False
18.0,7.5,1000.0,5.6870199999999995,5.28579,False
18.0,7.5,100.0,5.68534,5.28578,False
36.7212,7.401110000000001,0.386801,1.04718,5.281280000000001,False
23.1223,5.68881,36.8302,7.308510000000001,5.2807900000000005,True
20.9392,6.57967,755.865,5.812530000000001,5.27998,False
47.1701,6.7925699999999996,0.23530700000000002,1.0630600000000001,5.27389,False
12.4657,7.64428,9.01647,6.57335,5.26944,False
22.2458,6.28972,342.777,6.01425,5.26117,False
13.772,7.38553,15.3634,6.6493899999999995,5.2599599999999995,False
13.2844,7.67822,15.6936,6.70799,5.2456,False
18.7366,7.28782,154.507,5.64013,5.24521,False
21.4839,6.49868,119.695,5.82963,5.24314,False
34.3103,7.51408,0.692226,1.26289,5.24068,False
45.755,5.87448,4.676019999999999,1.8882599999999998,5.229019999999999,False
19.0576,6.2872699999999995,21.252,5.68045,5.22583,False
17.8586,7.68002,62.2933,5.61181,5.21898,False
20.0463,6.93271,806.5160000000001,5.65275,5.20949,False
41.8725,7.18015,0.26759299999999997,0.9289299999999999,5.20407,False
21.9658,6.9222399999999995,6.57751,3.3986,5.20315,False
22.6864,6.27841,562.785,5.9932099999999995,5.19948,False
21.4644,6.37801,10.6059,3.89494,5.1961900000000005,False
17.5361,7.917889999999999,241.363,5.6125,5.18925,False
18.0698,7.71105,125.693,5.6001199999999995,5.1778900000000005,False
33.5323,7.53936,1.01337,1.4047399999999999,5.17434,False
35.657,6.90924,2.69693,1.5505799999999998,5.171880000000001,False
59.8477,5.70876,2.4161900000000003,1.79665,5.17128,False
35.7351,7.4976899999999995,0.6773060000000001,1.19543,5.16748,False
41.1183,7.254169999999999,0.344073,0.947674,5.15813,False
12.7845,7.89277,7.77261,6.27722,5.15203,False
22.9541,6.29386,153.749,5.95303,5.14859,False
42.0864,6.47489,3.04963,1.61658,5.13462,False
33.3918,7.87403,0.138696,1.2725,5.128769999999999,False
22.0558,5.95287,16.7288,4.37165,5.12871,False
38.7456,7.39122,0.505341,1.0303,5.12835,False
24.4347,6.84956,6.29439,3.00095,5.12477,False
20.6377,6.15886,15.467,4.5909,5.12367,False
32.0,8.0,0.1,1.40324,5.12007,False
56.0,6.5,0.1,1.3374700000000002,5.11943,False
74.0459,5.55764,0.472678,1.86946,5.118119999999999,False
25.103,5.82954,248.602,6.34784,5.1171,False
39.2472,7.44548,0.271427,0.967261,5.114,False
14.4548,7.41962,15.5764,6.37351,5.11245,False
61.4252,6.08231,0.677692,1.6686299999999998,5.11146,False
27.211,7.70935,2.28091,2.3729400000000003,5.10935,False
18.6098,7.646610000000001,73.2621,5.48128,5.10245,False
25.8105,5.69771,138.623,6.42888,5.09512,False
22.5339,6.48801,864.816,5.74633,5.08739,False
43.9238,6.99677,0.898741,1.09184,5.08206,False
34.9171,6.45637,5.2861199999999995,1.89555,5.07752,False
18.0,8.0,1000.0,5.48283,5.0716,False
18.0,8.0,100.0,5.48163,5.0716,False
22.1227,6.61375,343.60900000000004,5.650580000000001,5.07147,False
24.6382,6.0351,684.472,6.1765,5.06024,False
21.0255,6.908410000000001,77.4614,5.4974300000000005,5.05874,False
25.201,5.90361,759.5830000000001,6.26307,5.05871,False
18.0617,6.972810000000001,9.14772,4.47842,5.05278,False
39.1719,7.50329,0.331781,0.9948040000000001,5.04853,False
25.8476,5.56807,45.0549,7.23548,5.0477099999999995,True
46.9533,7.06935,0.24942199999999998,0.962571,5.0256,False
36.626,5.71192,9.737680000000001,2.28746,5.02367,False
41.5767,7.40632,0.242335,0.9231030000000001,5.02107,False
24.2735,6.19014,484.415,6.00165,5.0186,False
18.0587,7.02769,9.000810000000001,4.4877400000000005,5.0163400000000005,False
57.9469,5.83932,2.9332,1.7895,5.01617,False
36.0733,6.8711899999999995,3.3020199999999997,1.66724,5.0156,False
73.0889,5.77538,0.17662,1.84165,5.01394,False
19.4135,7.0385800000000005,29.4177,5.51621,5.00217,False
21.1644,6.13394,19.4485,5.04946,4.99676,False
18.3719,6.66794,18.2197,5.55825,4.98982,False
25.1925,6.30556,10.4755,3.24531,4.98423,False
21.2722,6.89372,51.7476,5.56902,4.98374,False
22.4297,6.6518,64.6085,5.54809,4.98232,False
59.4906,6.33387,0.616097,1.51472,4.980580000000001,False
29.6428,7.57027,2.59864,2.18716,4.969469999999999,False
39.3735,7.216410000000001,1.5232700000000001,1.25863,4.9666,False
21.5861,6.93043,700.038,5.4546,4.9655,False
26.8828,5.67892,556.655,6.37893,4.95902,False
55.9767,5.52707,5.5513699999999995,1.87497,4.95674,False
23.1232,6.56842,739.5110000000001,5.60973,4.9515199999999995,False
22.5594,6.711760000000001,131.377,5.51923,4.94891,False
58.1178,6.33132,1.0468,1.53115,4.94458,False
19.615,7.419060000000001,39.7886,5.62405,4.940980000000001,False
62.1604,6.1153900000000005,1.15174,1.6521400000000002,4.93993,False
24.9676,6.16408,145.997,5.98846,4.93809,False
18.956,7.929239999999999,72.8875,5.30551,4.92984,False
25.9851,6.96933,6.05436,2.85459,4.92928,False
23.3366,6.56233,245.502,5.60192,4.925269999999999,False
20.4707,7.345,786.95,5.3521,4.92496,False
18.0,7.0,10.0,4.66084,4.9249,False
32.0,6.0,10.0,2.43613,4.9229400000000005,False
32.5531,7.92926,0.857345,1.59893,4.92261,False
24.7189,6.25214,458.70300000000003,5.8926300000000005,4.920030000000001,False
76.7806,5.67558,0.39252600000000004,1.85005,4.91861,False
40.0254,7.63086,0.220917,0.970109,4.91637,False
23.6545,6.410769999999999,52.2663,5.79854,4.91518,False
42.5275,6.805160000000001,2.4927099999999998,1.41721,4.91265,False
25.3578,5.6967099999999995,33.6631,6.82722,4.90568,True
38.6301,7.71432,0.282989,1.04197,4.90563,False
56.0,6.5,1.0,1.4318899999999999,4.89939,False
14.8481,7.4912,10.4184,5.793480000000001,4.89535,False
34.5431,7.926710000000001,0.534573,1.37355,4.89321,False
28.1451,6.4803,8.4664,2.80005,4.878080000000001,False
19.5379,7.83707,393.86699999999996,5.27658,4.87287,False
50.3319,7.081119999999999,0.14017000000000002,0.9723700000000001,4.8720099999999995,False
26.5485,5.86572,65.5149,6.18315,4.87183,False
22.9976,6.7407,104.289,5.44883,4.87007,False
21.7537,7.06763,165.297,5.33284,4.86907,False
26.8319,5.86565,198.018,6.14795,4.86142,False
65.6104,6.1147800000000005,0.861883,1.67192,4.85889,False
32.0,8.0,1.0,1.7144400000000002,4.8560300000000005,False
26.7927,5.89818,105.82600000000001,6.11156,4.84823,False
15.4762,7.775110000000001,7.71231,5.410909999999999,4.8451699999999995,False
47.7284,7.2476899999999995,0.218782,0.919897,4.8383400000000005,False
15.0054,7.5219,13.4814,6.09387,4.8273,False
24.7513,6.105180000000001,14.4164,3.82482,4.820869999999999,False
21.1684,7.353089999999999,87.8797,5.24325,4.81337,False
78.1295,5.80267,0.11473599999999999,1.82818,4.81257,False
35.1812,7.85902,0.95568,1.4331399999999999,4.798830000000001,False
64.5042,6.39044,0.266121,1.51555,4.796469999999999,False
20.5198,7.63864,552.222,5.1642,4.79346,False
33.645,6.4845,6.949839999999999,2.24522,4.79211,False
20.1268,7.819660000000001,805.2410000000001,5.18455,4.78526,False
61.4737,6.52641,0.377925,1.42039,4.78165,False
34.8143,7.9364,0.8565879999999999,1.44638,4.78138,False
44.2303,5.89804,7.451060000000001,1.96815,4.77905,False
24.4652,6.5537,189.05200000000002,5.544169999999999,4.77839,False
43.4941,5.5019800000000005,10.3397,2.35988,4.776330000000001,False
39.535,7.856089999999999,0.140414,1.01302,4.77423,False
34.3729,7.6466899999999995,1.92763,1.66357,4.77091,False
46.4869,6.96576,1.68297,1.25556,4.76875,False
23.5129,6.61293,41.6344,5.75776,4.7625,False
41.1012,7.37427,1.4154200000000001,1.20985,4.76043,False
52.4126,6.9911,0.511896,1.08775,4.75499,False
38.3414,7.95736,0.154084,1.0859,4.752730000000001,False
55.2753,6.88732,0.37114,1.1425299999999998,4.74637,False
76.7858,5.86267,0.43139700000000003,1.807,4.74377,False
32.0397,7.98888,1.46148,1.83107,4.74292,False
27.1886,5.69536,18.8447,4.35669,4.73715,False
52.3034,6.495830000000001,2.51099,1.50909,4.72835,False
33.6101,7.73802,1.9787,1.76735,4.72653,False
17.8977,7.50603,8.17525,4.81885,4.7209900000000005,False
19.8335,7.80807,33.4578,5.36604,4.7207,False
25.0215,5.9377699999999995,19.0009,4.51318,4.71977,False
42.4943,7.6594,0.37527,0.967477,4.71854,False
20.4583,7.850860000000001,64.0509,5.06789,4.71379,False
22.6848,7.117719999999999,494.91900000000004,5.19373,4.71309,False
20.6638,7.79426,187.89,5.10037,4.71258,False
84.5473,5.55301,0.629836,1.81033,4.70977,False
49.7217,7.18708,0.548296,1.00201,4.7096800000000005,False
52.1239,6.96915,0.825609,1.14097,4.7094,False
87.5095,5.5426,0.182704,1.80047,4.70483,False
22.474,7.153060000000001,60.0249,5.16822,4.70277,False
24.6371,6.29094,35.1779,5.99284,4.70105,False
77.9343,5.69531,1.25112,1.80382,4.6914,False
47.3907,7.47668,0.11871500000000001,0.862733,4.69019,False
56.0,7.0,0.1,1.06041,4.68809,False
44.4397,6.77147,3.1915400000000003,1.51492,4.68487,False
33.6288,7.57653,2.68907,1.87568,4.67589,False
55.1198,7.02235,0.27642100000000003,1.06618,4.66558,False
28.386999999999997,5.87405,384.718,6.01992,4.66536,False
55.6457,5.96908,4.645580000000001,1.8133599999999999,4.66496,False
50.6076,6.23606,4.46291,1.72738,4.6605300000000005,False
42.3847,6.67365,4.23983,1.65088,4.6580900000000005,False
61.1966,6.747089999999999,0.17415799999999998,1.26762,4.65634,False
20.2206,7.837960000000001,34.2745,5.31801,4.65451,False
51.7318,7.239380000000001,0.239875,0.948959,4.650119999999999,False
29.6492,7.1547600000000005,5.40974,2.48197,4.64231,False
49.7999,5.7958099999999995,7.378489999999999,1.9412900000000002,4.6414800000000005,False
44.5855,7.18881,1.80528,1.2286299999999999,4.638240000000001,False
21.0119,7.64283,6.42727,3.96924,4.63089,False
84.6296,5.6372800000000005,0.704824,1.8054299999999999,4.61925,False
23.3256,7.849530000000001,4.87338,3.5318,4.61576,False
21.9329,7.5709,319.66200000000003,5.02642,4.6128800000000005,False
28.5218,5.94904,992.706,5.92174,4.61126,False
59.7889,6.88939,0.13376400000000002,1.1651799999999999,4.60924,False
51.6694,7.268330000000001,0.335503,0.955141,4.60658,False
46.8951,6.74793,3.1669099999999997,1.52725,4.5995099999999995,False
45.7426,7.55428,0.572934,0.967765,4.59181,False
27.5116,6.73573,8.79005,2.99209,4.58755,False
42.3923,7.896730000000001,0.172465,0.9575,4.58499,False
26.4177,6.41902,63.0937,5.56184,4.58488,False
25.1025,6.793769999999999,436.577,5.23121,4.56789,False
29.9669,5.7323699999999995,461.759,6.13796,4.56476,False
71.5988,5.567069999999999,3.95165,1.83791,4.56364,False
27.7811,6.07452,49.0996,6.19988,4.55345,False
22.6384,7.494739999999999,608.316,4.9902,4.54826,False
18.4797,7.993869999999999,22.5107,5.33814,4.54512,False
40.1475,6.80933,4.74487,1.7526400000000002,4.534330000000001,False
57.7404,5.91456,5.244280000000001,1.8237400000000001,4.53346,False
43.1483,7.939710000000001,0.100928,0.9302520000000001,4.53306,False
91.5648,5.57409,0.290311,1.7747,4.53292,False
30.6412,5.94998,14.4449,3.1795,4.52865,False
20.8779,7.86954,31.8666,5.08242,4.52845,False
61.9235,5.67662,5.7323,1.84297,4.52493,False
24.5884,7.00437,161.174,5.09063,4.52276,False
26.0859,6.65693,750.704,5.33724,4.52227,False
45.3103,7.6015,0.797508,1.02549,4.51915,False
73.9333,6.31435,0.233881,1.6205200000000002,4.5122800000000005,False
18.0,7.5,10.0,4.8842099999999995,4.505780000000001,False
28.4299,6.16357,14.0679,3.3384099999999997,4.49945,False
25.1565,6.16214,20.8715,4.71784,4.49515,False
32.0,5.5,1000.0,6.426819999999999,4.49445,False
32.0,5.5,100.0,6.40557,4.49395,False
34.7035,7.47385,3.53015,1.9759200000000001,4.48758,False
25.2922,6.9127600000000005,398.75800000000004,5.10732,4.48493,False
56.0,7.0,1.0,1.18511,4.47698,False
82.9646,5.782769999999999,1.1126200000000002,1.7806799999999998,4.47642,False
78.5889,5.90535,1.32846,1.75672,4.47468,False
32.1212,5.67211,17.1348,3.6844099999999997,4.474480000000001,False
41.0928,5.92399,10.2059,2.29279,4.47377,False
18.2759,7.679460000000001,8.750810000000001,4.81995,4.467219999999999,False
36.7318,5.52476,15.5663,3.3010900000000003,4.46556,False
28.5234,6.23963,544.518,5.65757,4.46356,False
85.5576,5.65714,1.36724,1.7844200000000001,4.457990000000001,False
68.1633,5.77597,4.17557,1.79467,4.45706,False
77.1368,6.00446,1.24727,1.7602,4.4546,False
78.8869,5.82406,1.8078400000000001,1.7601099999999998,4.4507,False
23.8743,7.34669,75.157,4.87921,4.45011,False
17.6457,7.81118,17.2561,5.5067900000000005,4.44623,False
40.5472,7.976610000000001,0.885567,1.21671,4.43639,False
47.5331,7.30133,1.7025299999999999,1.18202,4.43559,False
87.3065,5.61456,1.40024,1.7792299999999999,4.43392,False
51.6044,5.88171,7.6711,1.95556,4.43104,False
45.4856,7.3294,2.0272200000000002,1.25189,4.42818,False
22.3761,7.8322,51.1127,4.87485,4.4261800000000004,False
23.799,7.40365,60.8629,4.8682300000000005,4.4221,False
28.9559,6.1835,64.7898,5.67735,4.42024,False
21.8534,6.894889999999999,20.0523,4.89468,4.41554,False
30.0532,6.02307,407.39099999999996,5.7385,4.40616,False
81.3029,5.79535,1.78383,1.7551299999999999,4.40263,False
23.7623,7.96667,5.28845,3.56857,4.391369999999999,False
32.0,6.5,10.0,2.63077,4.3909,False
77.7977,5.89953,1.9927700000000002,1.73742,4.39065,False
100.0,5.5,0.1,1.7070599999999998,4.38546,False
21.9531,7.282210000000001,25.1676,4.88669,4.3853599999999995,False
92.9938,5.58507,0.854036,1.75479,4.38514,False
75.1508,5.74439,3.3280300000000005,1.7875900000000002,4.38382,False
52.9849,7.20345,1.2721799999999999,1.1392200000000001,4.3814400000000004,False
76.8343,6.15494,1.0507,1.69347,4.38134,False
29.5975,6.93233,7.97598,2.8249299999999997,4.37924,False
32.6686,5.60502,760.492,6.22725,4.3676,False
22.1866,7.78091,31.5435,4.87921,4.3663099999999995,False
82.35600000000001,5.954680000000001,1.05817,1.7528400000000002,4.36557,False
33.0397,5.56116,146.084,6.27646,4.36169,False
69.2414,6.5844,0.765183,1.46943,4.35754,False
51.9914,7.63506,0.152658,0.849406,4.35674,False
35.1469,7.7032300000000005,3.21271,1.9339400000000002,4.35425,False
23.2558,7.80313,127.056,4.74135,4.35404,False
77.9022,6.24023,0.663971,1.65524,4.354030000000001,False
50.0456,7.71095,0.329621,0.88518,4.34069,False
32.7866,5.63718,437.523,6.1718,4.33894,False
20.5749,7.63167,8.358460000000001,4.19693,4.33885,False
53.7205,5.74169,8.58516,2.07505,4.3317,False
28.201999999999998,6.53033,61.9707,5.34205,4.32795,False
26.701999999999998,7.21845,7.70891,2.9978599999999997,4.32276,False
48.2166,7.857010000000001,0.31895300000000004,0.893167,4.31442,False
57.8391,6.0778099999999995,5.6535,1.80073,4.312180000000001,False
56.0,7.5,0.1,0.876718,4.3070900000000005,False
54.6664,7.38293,0.722688,1.0024600000000001,4.30396,False
27.0307,6.76635,49.4413,5.23465,4.301069999999999,False
26.116,7.024539999999999,54.8741,4.96427,4.29976,False
65.2377,6.8905899999999995,0.611099,1.27749,4.29712,False
31.2355,6.00513,194.22099999999998,5.69278,4.29439,False
23.4075,7.9386600000000005,58.5309,4.6319,4.27759,False
18.7704,7.78654,16.7756,5.27382,4.27134,False
56.0,5.5,10.0,2.1770400000000003,4.26906,False
59.6071,7.30864,0.281553,0.9911049999999999,4.26746,False
77.7993,6.48422,0.209788,1.5517299999999998,4.26259,False
90.1099,6.0137599999999996,0.12366400000000001,1.7483,4.26199,False
31.0567,6.11768,630.612,5.573930000000001,4.26049,False
31.5736,5.97235,66.0187,5.72244,4.2542800000000005,False
33.2878,6.16391,13.4683,2.87365,4.25119,False
25.0363,6.652839999999999,24.7711,4.87937,4.24632,False
29.853,5.818280000000001,23.4236,4.98474,4.24225,False
100.0,5.5,1.0,1.71164,4.24218,False
53.6567,6.49529,4.8484,1.68123,4.2342699999999995,False
62.7978,6.78062,1.7888,1.4040700000000002,4.22821,False
67.8767,5.91075,4.963419999999999,1.7924900000000001,4.2255199999999995,False
32.0,6.0,1000.0,5.663530000000001,4.22452,False
66.9105,6.45369,2.4137,1.5697299999999998,4.22425,False
32.0,6.0,100.0,5.650919999999999,4.22422,False
24.9909,6.79559,13.7659,3.96918,4.221830000000001,False
30.3018,6.211119999999999,48.5612,5.88635,4.217230000000001,False
83.0436,5.82064,2.47147,1.7422900000000001,4.21703,False
51.2618,7.287089999999999,2.05291,1.22375,4.216080000000001,False
27.594,6.94977,364.01199999999994,4.9374400000000005,4.2156199999999995,False
56.9382,7.2465,1.1840899999999999,1.11827,4.215330000000001,False
67.0011,6.34663,2.9041900000000003,1.6508099999999999,4.2133199999999995,False
78.9138,6.53399,0.12023099999999999,1.52881,4.21,False
69.0856,6.9761,0.106577,1.21545,4.20985,False
76.8579,6.06719,2.4324,1.68682,4.20827,False
33.8183,5.67737,72.325,6.0165,4.20794,False
25.246,7.57309,92.5224,4.65474,4.20571,False
24.8413,7.714189999999999,791.291,4.63871,4.1999699999999995,False
57.4002,7.5464,0.201881,0.886278,4.1991,False
62.4826,7.208410000000001,0.471001,1.07568,4.19413,False
26.4257,7.26543,67.25,4.72058,4.1858900000000006,False
18.0,8.0,10.0,4.94539,4.18558,False
96.2895,5.8712800000000005,0.24180700000000002,1.74705,4.17965,False
29.0649,6.62856,55.6918,5.25084,4.178640000000001,False
36.9681,7.95055,2.83807,1.84095,4.17406,False
105.189,5.58654,0.194939,1.6884700000000001,4.17125,False
25.0176,7.777660000000001,831.725,4.58965,4.15949,False
23.7664,7.970339999999999,37.8377,4.81078,4.15881,False
32.209,5.60807,27.0741,5.61718,4.15437,False
69.3422,6.59665,1.7597099999999999,1.50011,4.1536599999999995,False
31.66,6.23859,498.01,5.4227,4.14845,False
48.6345,7.12122,3.4409199999999998,1.45395,4.14654,False
40.2806,6.912380000000001,6.42137,1.9528400000000001,4.14609,False
22.1537,7.265789999999999,12.7592,4.31842,4.14571,False
102.656,5.61956,0.614903,1.70819,4.14286,False
25.0546,7.58949,40.5399,4.88225,4.13957,False
77.2035,6.3639,1.45931,1.6079,4.13718,False
39.2049,7.10465,5.736680000000001,1.90389,4.131469999999999,False
20.7594,7.58418,17.5506,5.07406,4.13011,False
47.3755,6.425730000000001,7.36878,1.8995799999999998,4.127619999999999,False
108.037,5.54021,0.288927,1.66057,4.1224,False
57.4348,7.667260000000001,0.18420899999999998,0.8569899999999999,4.11937,False
36.2667,7.271839999999999,5.7272099999999995,2.08717,4.11857,False
56.0,7.5,1.0,1.01328,4.1109599999999995,False
51.1175,7.892239999999999,0.6573479999999999,0.940214,4.0968800000000005,False
30.33,6.1409199999999995,31.9201,5.71015,4.09277,False
66.9864,7.233689999999999,0.151544,1.06738,4.092219999999999,False
32.6114,7.55583,5.60653,2.38521,4.09174,False
65.1951,7.20136,0.573905,1.11429,4.08596,False
105.741,5.72084,0.118092,1.6970900000000002,4.07396,False
32.7819,5.98309,46.3276,6.11974,4.072769999999999,False
82.6214,6.45346,0.591665,1.58023,4.07229,False
30.160999999999998,6.72721,105.99799999999999,5.05625,4.06891,False
25.1504,7.853839999999999,6.91897,3.35523,4.0677900000000005,False
33.0949,7.3903300000000005,6.31834,2.37269,4.06344,False
56.7341,7.665960000000001,0.578407,0.9113899999999999,4.06222,False
27.6772,7.280310000000001,82.1034,4.62933,4.06122,False
28.4053,6.3758,26.1744,4.8773599999999995,4.0597,False
24.8124,7.829839999999999,33.8969,4.64622,4.05082,False
105.719,5.63516,0.675289,1.6938799999999998,4.04978,False
97.8076,6.03092,0.120617,1.7207700000000001,4.04801,False
34.1103,5.6398,37.2848,6.8209800000000005,4.0309800000000005,True
60.6506,6.60955,4.08596,1.57542,4.02494,False
35.9925,5.73555,99.4446,5.8576,4.0210300000000005,False
100.0,6.0,0.1,1.71764,4.01932,False
57.2038,7.75166,0.43231400000000003,0.887616,4.01917,False
31.171,6.64721,810.4119999999999,5.09069,4.01392,False
30.1825,6.38344,16.9779,3.5934,4.013319999999999,False
20.4021,7.9724,17.2408,4.94718,4.00949,False
37.0957,6.867960000000001,8.4887,2.32021,4.00651,False
32.0,6.5,1000.0,5.189690000000001,4.00461,False
32.0,6.5,100.0,5.184019999999999,4.00435,False
37.8702,5.52227,195.80700000000002,6.02824,4.00242,False
65.4704,7.185,1.02304,1.17344,3.9966199999999996,False
33.6843,6.18308,494.538,5.36676,3.9923900000000003,False
31.5827,6.61982,248.085,5.09855,3.98969,False
26.0758,6.8676699999999995,21.2415,4.458819999999999,3.9894800000000004,False
30.9802,6.76509,237.607,4.98284,3.9790699999999997,False
27.3411,7.3147,9.51031,3.2664400000000002,3.97811,False
28.8759,6.55227,28.7021,4.94342,3.97787,False
56.0,8.0,0.1,0.7960189999999999,3.9702300000000004,False
58.5063,7.84191,0.193602,0.8304040000000001,3.96596,False
29.2985,7.16706,670.0169999999999,4.65255,3.95831,False
96.7564,6.11782,0.47959799999999997,1.6982099999999998,3.95485,False
35.5521,5.9377,186.02599999999998,5.61872,3.9528300000000005,False
40.6057,7.7827,3.6324099999999997,1.7968,3.94705,False
104.443,5.90076,0.327056,1.7034099999999999,3.9468400000000003,False
26.3202,6.95402,23.1642,4.51259,3.94624,False
33.3869,6.35628,344.056,5.2149,3.9460300000000004,False
32.0,7.0,10.0,2.86585,3.94065,False
36.0482,5.89541,286.061,5.65713,3.93565,False
60.6772,7.418080000000001,1.3446200000000001,1.09228,3.9348099999999997,False
28.9483,7.31473,781.525,4.5504,3.93089,False
35.6481,5.9759400000000005,275.508,5.56085,3.9276,False
71.1985,7.25825,0.252998,1.1001299999999998,3.9257199999999997,False
76.5393,6.12205,4.08597,1.68746,3.9245,False
59.9298,7.1394,2.50223,1.33659,3.9219999999999997,False
29.4228,7.19849,65.3286,4.5857,3.91984,False
31.5921,7.117039999999999,9.59648,2.87027,3.9086800000000004,False
75.3161,7.1102300000000005,0.22557600000000003,1.20377,3.90686,False
86.7938,6.67277,0.101622,1.48886,3.90032,False
107.774,5.73759,0.8864129999999999,1.6896900000000001,3.8999599999999996,False
93.2913,6.32816,0.470664,1.6484599999999998,3.89914,False
57.5693,7.982489999999999,0.25581,0.821592,3.8960800000000004,False
60.5566,7.67881,0.7289479999999999,0.934241,3.89373,False
39.2483,5.55026,713.385,5.90505,3.8913800000000003,False
80.7576,6.518330000000001,1.6916799999999999,1.56073,3.88881,False
71.6199,7.29713,0.256281,1.0846200000000001,3.8881300000000003,False
34.7752,5.72697,26.2935,5.2645800000000005,3.8866699999999996,False
68.03699999999999,7.09046,1.52619,1.2787600000000001,3.88521,False
57.8005,6.109430000000001,8.445780000000001,1.9512099999999999,3.8817,False
74.4715,7.02982,0.768357,1.27668,3.88044,False
100.0,6.0,1.0,1.6940099999999998,3.8778900000000003,False
58.7813,5.50453,12.2914,2.4283799999999998,3.87741,False
98.7632,5.96225,1.3936,1.69649,3.8742199999999998,False
34.7945,6.25314,270.312,5.24059,3.87269,False
79.3785,6.97088,0.294121,1.30457,3.8707599999999998,False
72.1852,6.62529,2.8064299999999998,1.53904,3.8683,False
80.8713,6.59593,1.49099,1.53015,3.8666400000000003,False
61.6285,6.95943,3.2978099999999997,1.38744,3.86556,False
21.13,7.992839999999999,15.761,4.74015,3.8651699999999996,False
58.831,7.9087,0.450525,0.867605,3.86155,False
39.1587,5.5465800000000005,61.1449,6.044569999999999,3.8593,False
38.6592,5.69719,845.7869999999999,5.79325,3.85541,False
92.4783,6.52525,0.10516099999999999,1.56873,3.8525699999999996,False
25.0732,7.316269999999999,19.0831,4.32292,3.84942,False
82.883,6.91275,0.12131800000000001,1.34988,3.8460900000000002,False
29.4816,7.58287,7.9351,2.83164,3.8428400000000003,False
34.1733,6.45907,396.096,5.08755,3.84053,False
72.9286,6.981210000000001,1.44979,1.32082,3.8334699999999997,False
54.534,7.55998,2.4344,1.2167,3.82893,False
82.4428,5.8590599999999995,5.10464,1.75459,3.82706,False
73.4123,5.69116,7.90612,1.8707,3.8262,False
56.0,6.0,10.0,2.13836,3.8227900000000004,False
118.13,5.6761800000000004,0.195882,1.62034,3.8222300000000002,False
28.2987,7.82068,933.696,4.28226,3.8215,False
28.6916,7.17855,31.3062,4.603940000000001,3.8208,False
29.9288,7.380889999999999,193.976,4.45215,3.8201400000000003,False
65.2502,6.3472599999999995,5.95298,1.72417,3.80758,False
68.6169,7.603510000000001,0.153478,0.92658,3.80675,False
32.3188,6.91795,258.584,4.77963,3.8036,False
30.2795,7.34812,827.284,4.46146,3.80309,False
83.266,6.88237,0.43121099999999996,1.37978,3.80139,False
32.0,7.0,1000.0,4.7141,3.79736,False
32.0,7.0,100.0,4.71012,3.79725,False
37.0717,6.03814,930.012,5.42783,3.79451,False
56.0,8.0,1.0,0.964406,3.7871,False
31.7305,7.82702,6.5130300000000005,2.56203,3.7862400000000003,False
38.0198,5.93018,639.154,5.52865,3.77785,False
31.0451,6.8685,13.8328,3.28937,3.7681199999999997,False
103.26700000000001,6.26425,0.11998800000000001,1.6522,3.76775,False
69.7217,7.55673,0.34671599999999997,0.972842,3.76654,False
29.2231,7.75656,444.82599999999996,4.2541199999999995,3.7618,False
53.9214,7.66127,2.55133,1.22525,3.7613300000000005,False
120.139,5.5079400000000005,1.19902,1.58031,3.75814,False
72.2091,5.618930000000001,9.13185,1.96416,3.7568699999999997,False
33.4689,6.8113600000000005,903.545,4.8297300000000005,3.7564800000000003,False
50.9685,7.972689999999999,2.09024,1.2413399999999999,3.7526800000000002,False
77.9104,7.177219999999999,0.48973999999999995,1.21278,3.74612,False
37.9656,5.9065199999999995,57.393,5.72348,3.7447199999999996,False
28.4197,7.91412,48.3384,4.31155,3.7422800000000005,False
89.3842,6.745660000000001,0.44809799999999994,1.46502,3.73149,False
72.1897,7.11895,1.639,1.28221,3.7299599999999997,False
53.3386,6.098319999999999,10.9001,2.20316,3.72338,False
37.1262,6.22129,285.935,5.19289,3.7130400000000003,False
52.0028,7.604839999999999,3.32401,1.3452,3.7116300000000004,False
83.6449,6.83851,1.06005,1.42144,3.71064,False
52.2019,7.04806,5.82291,1.6477400000000002,3.7015300000000004,False
38.7382,7.322760000000001,7.5725,2.29427,3.69688,False
100.0,6.5,0.1,1.58144,3.69664,False
30.5279,7.61746,841.648,4.2644,3.6935300000000004,False
30.0564,7.751469999999999,290.93,4.20746,3.69335,False
71.4161,7.649589999999999,0.21631799999999998,0.933591,3.6894199999999997,False
100.555,6.2855300000000005,0.92661,1.63858,3.6892699999999996,False
31.8444,7.30963,83.7719,4.4054199999999994,3.68919,False
50.0266,7.56779,3.9441900000000003,1.45181,3.68814,False
25.4182,7.53745,15.0285,4.13417,3.6864199999999996,False
27.6033,7.27244,14.3577,3.80429,3.68526,False
115.704,5.57324,2.14616,1.6159700000000001,3.6808300000000003,False
80.5636,7.034619999999999,0.9797610000000001,1.31328,3.6806,False
31.1771,7.50033,95.2382,4.30227,3.6751099999999997,False
31.0132,7.565289999999999,536.179,4.274,3.6690199999999997,False
100.291,6.479430000000001,0.316652,1.59045,3.6686900000000002,False
30.6968,7.66028,194.81099999999998,4.22888,3.66721,False
40.7503,5.61261,46.9969,6.3966199999999995,3.66701,True
55.5126,7.76595,2.44073,1.1901899999999999,3.66638,False
112.007,5.57121,2.8655,1.6193,3.6635699999999995,False
38.7225,6.084919999999999,180.828,5.3099099999999995,3.6622,False
28.6223,7.09525,18.965,3.87739,3.6564099999999997,False
39.1674,6.0397300000000005,783.247,5.34813,3.6531599999999997,False
99.3121,6.2857,1.47823,1.62389,3.6353400000000002,False
38.3508,6.21062,327.70599999999996,5.16655,3.6339900000000003,False
92.2663,6.84273,0.302692,1.42373,3.6307199999999997,False
28.2908,7.4900899999999995,25.4841,4.181690000000001,3.63025,False
51.1464,7.93348,2.8456799999999998,1.33525,3.62435,False
57.5524,6.82176,6.27594,1.71727,3.62384,False
62.6771,7.594530000000001,2.09366,1.13142,3.6202699999999997,False
32.0,7.5,1000.0,4.27369,3.6127199999999995,False
32.0,7.5,100.0,4.2712,3.61269,False
50.6643,6.697760000000001,8.71636,1.8077,3.6103199999999998,False
87.4099,7.09093,0.233573,1.28738,3.6087800000000003,False
30.3286,7.96335,78.6207,4.055619999999999,3.6079,False
103.027,6.3059199999999995,1.0937700000000001,1.62301,3.60016,False
64.9545,7.9759,0.7010270000000001,0.8795700000000001,3.59366,False
61.7166,7.86286,1.5423200000000001,1.01864,3.59301,False
63.9613,6.89313,4.96189,1.55034,3.5885599999999998,False
36.6949,6.55503,57.7706,4.967280000000001,3.58566,False
29.5297,7.1582,22.4022,4.14727,3.5805599999999997,False
88.8156,5.58826,7.522289999999999,1.81192,3.5721800000000004,False
62.7071,7.977469999999999,1.15844,0.945665,3.5718199999999998,False
120.053,5.8523,0.961102,1.63907,3.5710699999999997,False
74.7516,7.39985,1.18639,1.14194,3.57024,False
71.3273,7.46223,1.48366,1.12771,3.57009,False
32.0,7.5,10.0,2.93974,3.5655099999999997,False
30.8946,7.98185,216.86700000000002,4.035819999999999,3.56129,False
100.0,6.5,1.0,1.57569,3.5578800000000004,False
68.154,7.94632,0.51193,0.8630700000000001,3.55683,False
79.6791,6.758439999999999,3.0019099999999996,1.51726,3.55671,False
133.85299999999998,5.5918,0.418993,1.51496,3.55499,False
75.9034,6.40771,5.48309,1.66002,3.5485599999999997,False
43.0656,5.769909999999999,545.165,5.45569,3.54841,False
38.0427,6.49217,534.332,4.8714,3.54713,False
28.5137,7.58817,23.1331,4.0580099999999995,3.54242,False
57.7639,7.23849,4.9160900000000005,1.43567,3.5406199999999997,False
39.7271,6.2284,141.343,5.10056,3.53911,False
38.8568,6.376180000000001,77.1945,4.90589,3.52944,False
103.387,5.81234,4.05299,1.66622,3.5282,False
30.9316,7.92581,44.0311,4.18274,3.5224800000000003,False
110.275,6.24386,0.9474889999999999,1.62109,3.51634,False
84.5478,7.387510000000001,0.21789699999999998,1.12606,3.5105199999999996,False
86.792,7.0458,1.09843,1.32923,3.50855,False
41.5202,6.04879,109.52799999999999,5.24116,3.50809,False
91.1738,7.11942,0.261648,1.29134,3.5042,False
102.50200000000001,6.645630000000001,0.48075100000000004,1.52839,3.50092,False
99.2107,5.57254,6.38773,1.7551400000000001,3.4978800000000003,False
34.8776,7.671469999999999,8.3534,2.5640400000000003,3.49651,False
94.5138,7.00707,0.25943299999999997,1.3547799999999999,3.4954699999999996,False
29.1125,7.4767600000000005,13.9231,3.58702,3.4938,False
45.9956,5.567159999999999,306.23400000000004,5.44951,3.4829800000000004,False
32.0,8.0,1000.0,3.97106,3.4745199999999996,False
32.0,8.0,100.0,3.96936,3.47451,False
73.8897,7.7413,0.783996,0.9641270000000001,3.4736800000000003,False
27.1981,7.7393600000000005,14.7475,3.89214,3.4712699999999996,False
54.4392,6.623130000000001,9.44312,1.89685,3.4682199999999996,False
33.9561,7.515960000000001,119.51299999999999,4.1845099999999995,3.46765,False
140.80700000000002,5.5586199999999995,0.364902,1.4636799999999999,3.46673,False
46.2094,6.08045,16.6081,3.04095,3.4579400000000002,False
40.0437,6.39548,325.837,4.8984,3.4560000000000004,False
75.82,7.892689999999999,0.152662,0.865984,3.4553199999999995,False
94.9459,6.3840699999999995,3.04929,1.57703,3.45064,False
83.0606,7.335,0.9589690000000001,1.2051,3.4497,False
98.9207,6.32828,2.7095700000000003,1.5967799999999999,3.4495400000000003,False
56.0,6.5,10.0,2.01228,3.44535,False
42.2905,6.083880000000001,83.7036,5.1222900000000005,3.4451300000000002,False
79.5708,7.703710000000001,0.282848,0.962888,3.44411,False
110.929,6.50577,0.314681,1.56595,3.4424099999999997,False
46.0948,5.58626,64.6381,5.50997,3.4418800000000003,False
34.7572,7.052739999999999,36.5305,4.75022,3.4392300000000002,False
94.0597,7.15797,0.190089,1.28146,3.4336800000000003,False
41.6639,6.9252199999999995,11.6516,2.44259,3.43364,False
35.4723,7.326289999999999,617.0269999999999,4.30455,3.4291,False
77.7454,7.35987,1.75272,1.22153,3.42887,False
103.78399999999999,6.66621,0.7206560000000001,1.5237100000000001,3.4288300000000005,False
44.138999999999996,5.91648,84.6518,5.2112099999999995,3.4206,False
112.579,6.4638599999999995,0.421113,1.57379,3.4204,False
111.945,6.09077,2.18852,1.66165,3.4152699999999996,False
100.0,7.0,0.1,1.36976,3.41245,False
99.6282,6.80823,0.853757,1.4589,3.41108,False
78.3413,6.76962,4.26546,1.5614,3.40865,False
39.6547,6.52114,60.6176,4.82669,3.4085099999999997,False
91.3324,7.05588,1.09855,1.3426,3.4045099999999997,False
91.21799999999999,7.30457,0.263087,1.20193,3.40308,False
74.1897,7.61658,1.54059,1.081,3.4030199999999997,False
80.6537,6.01694,7.95281,1.80447,3.4000800000000004,False
39.3745,6.2926,38.4766,5.6104,3.39815,False
118.43799999999999,6.348,0.32565,1.59008,3.39414,False
53.793,6.23644,13.0038,2.2650200000000003,3.3887699999999996,False
60.8853,7.31625,5.05629,1.43262,3.3868199999999997,False
101.212,6.275869999999999,3.15652,1.63032,3.38202,False
61.3502,7.248989999999999,5.33895,1.48184,3.37859,False
120.70200000000001,6.3407,0.186999,1.58501,3.37845,False
117.303,6.20056,1.2309299999999999,1.6054700000000002,3.3781800000000004,False
106.001,6.3044199999999995,2.34725,1.60265,3.37589,False
79.7686,7.722860000000001,0.630778,0.983994,3.3711900000000004,False
37.0362,7.20162,982.962,4.3579099999999995,3.37074,False
87.2804,5.62408,9.31826,1.90573,3.37074,False
47.3025,5.66977,85.4447,5.23649,3.36639,False
64.9791,5.93241,12.232999999999999,2.1812400000000003,3.35786,False
37.4756,6.632960000000001,19.0892,3.47424,3.3567099999999996,False
30.2524,7.7544699999999995,12.0188,3.36605,3.35371,False
35.6413,7.5369399999999995,276.334,4.11722,3.35063,False
37.6913,7.14036,99.5864,4.37924,3.3499,False
42.245,7.16142,10.5944,2.33555,3.3496900000000003,False
85.3681,7.04666,2.41858,1.36776,3.34438,False
35.0181,7.7021,779.825,4.01788,3.34027,False
38.2337,7.076239999999999,644.707,4.41601,3.3375199999999996,False
81.9863,7.712280000000001,0.632215,1.00199,3.32746,False
49.8086,5.5016,231.327,5.25744,3.32661,False
128.618,6.20253,0.200219,1.5764,3.32185,False
130.215,5.98568,0.9748969999999999,1.59131,3.32044,False
33.5452,7.237410000000001,16.232,3.2347,3.32006,False
57.6976,7.66904,4.58558,1.39741,3.3155099999999997,False
89.4877,7.21565,1.38561,1.26589,3.3127800000000005,False
149.168,5.66099,0.13524,1.44489,3.3108,False
32.66,7.922039999999999,9.58332,2.9102900000000003,3.3104,False
82.8764,7.64525,0.863217,1.0515299999999999,3.30504,False
120.552,6.525440000000001,0.105887,1.54481,3.29322,False
37.2088,7.41609,113.958,4.17772,3.2921300000000002,False
59.0593,6.91811,8.10618,1.66839,3.29092,False
94.4951,7.42652,0.19230999999999998,1.1566,3.2853199999999996,False
75.5379,7.96679,0.994576,0.936263,3.28415,False
100.0,7.0,1.0,1.37957,3.2795199999999998,False
72.077,7.948989999999999,1.5858700000000001,0.999567,3.27797,False
77.4306,6.92882,4.71359,1.53839,3.27477,False
37.5873,7.28286,52.1818,4.33231,3.27391,False
43.9051,7.5061800000000005,8.67907,2.16301,3.2667200000000003,False
37.4745,7.4535800000000005,620.164,4.1405400000000006,3.26477,False
60.5962,7.4538199999999994,5.4361,1.44665,3.26154,False
32.0,8.0,10.0,3.01474,3.26001,False
44.6353,6.25469,171.392,4.90684,3.25727,False
86.8216,7.40575,1.46217,1.20106,3.2555,False
108.601,6.698160000000001,1.22141,1.50173,3.2528799999999998,False
114.713,6.62165,0.751969,1.5179,3.25274,False
131.924,6.14121,0.608861,1.57111,3.25176,False
65.7026,6.22891,11.1094,2.03831,3.24821,False
70.553,7.55806,3.37131,1.26081,3.2437,False
77.8259,7.78527,1.49096,1.02988,3.24143,False
35.704,7.61314,38.9706,4.2560400000000005,3.23942,False
135.026,6.10272,0.5227970000000001,1.56128,3.2362900000000003,False
47.3713,7.7628,6.75489,1.8405200000000002,3.23346,False
42.8348,6.16796,36.5641,5.61784,3.22937,False
126.34299999999999,6.38664,0.470817,1.5539,3.22539,False
39.4306,7.0271,45.9784,4.65014,3.22497,False
37.7531,7.4691399999999994,58.5392,4.11452,3.2226,False
89.9538,7.748530000000001,0.151695,0.990318,3.22232,False
43.8541,6.03095,34.3674,5.64195,3.21926,True
39.0538,7.312860000000001,231.94799999999998,4.20429,3.21715,False
36.1618,7.922060000000001,109.51299999999999,3.83554,3.21493,False
40.6385,7.0364,660.9780000000001,4.3612,3.21248,False
42.9989,6.621339999999999,104.984,4.57191,3.21223,False
90.2607,7.11372,2.40469,1.35143,3.2109,False
149.216,5.83701,0.27766599999999997,1.4824,3.2018,False
153.151,5.75672,0.214402,1.4492,3.19613,False
41.0434,7.0251600000000005,174.162,4.353680000000001,3.19377,False
105.887,7.1623600000000005,0.28975100000000004,1.31376,3.1924,False
49.2642,6.19013,17.9504,3.21331,3.19076,False
98.4677,6.7046,3.12391,1.4971,3.1884900000000003,False
71.4104,7.899360000000001,2.41633,1.07839,3.18226,False
147.835,5.8803,0.423417,1.49806,3.1822,False
53.0738,5.51666,302.83,5.0624199999999995,3.1775599999999997,True
139.344,5.50609,3.50326,1.51055,3.17175,False
37.3911,7.798030000000001,162.965,3.87535,3.17048,False
37.7211,7.739160000000001,144.606,3.90608,3.16784,False
66.6816,6.45031,10.289000000000001,1.9711299999999998,3.16701,False
38.7639,7.514130000000001,69.7816,4.023280000000001,3.1646900000000002,False
62.5421,7.74195,4.56709,1.33703,3.16414,False
100.175,7.172630000000001,1.176,1.31075,3.16284,False
48.1555,6.08597,114.915,4.91974,3.16109,False
100.0,7.5,0.1,1.1420299999999999,3.16103,False
46.36,6.3080099999999995,352.35,4.79095,3.15539,False
49.5483,5.90946,73.1305,4.959630000000001,3.15405,False
106.55,7.07568,0.812902,1.3562,3.15123,False
47.2657,5.91846,24.31,4.39714,3.14627,False
64.5601,6.84415,8.66624,1.6973,3.14281,False
34.0826,7.9125,27.8548,3.7888699999999997,3.1422,False
72.4143,7.480910000000001,4.14585,1.2956,3.14185,False
53.4502,5.56254,94.6156,4.97602,3.14161,True
43.2901,6.80973,658.972,4.40571,3.13896,False
88.2998,7.78366,0.820851,1.0202799999999999,3.1348700000000003,False
41.9424,6.566339999999999,33.7116,4.9499699999999995,3.13259,False
100.0,5.5,10.0,1.98305,3.13217,False
86.6918,7.56292,1.7774299999999998,1.15909,3.1316900000000003,False
158.377,5.68498,0.58206,1.4138700000000002,3.12438,False
40.3535,7.39498,570.453,4.102130000000001,3.12244,False
45.6059,6.23942,21.564,3.8434,3.12181,False
159.084,5.6521300000000005,0.7446689999999999,1.40552,3.1148599999999997,False
56.0,7.0,10.0,1.8601,3.11481,False
131.37,6.52703,0.198526,1.51623,3.1135200000000003,False
92.4169,6.17361,7.5481300000000005,1.71945,3.11118,False
43.1107,6.948360000000001,197.998,4.313,3.10834,False
161.08700000000002,5.63998,0.676361,1.39372,3.103,False
126.346,6.710030000000001,0.162031,1.4819,3.10281,False
90.1132,5.84667,9.92248,1.8895,3.1026,False
95.3885,6.705589999999999,4.36456,1.5146899999999999,3.10186,False
40.5275,7.44261,135.17600000000002,4.06206,3.0998099999999997,False
121.899,6.41092,2.01097,1.57139,3.09521,False
156.256,5.74189,0.8618389999999999,1.4343299999999999,3.09315,False
104.914,7.27469,0.733592,1.27294,3.09242,False
78.6171,7.462739999999999,3.64019,1.26156,3.08858,False
113.07799999999999,6.50574,2.85094,1.55199,3.0836799999999998,False
39.0835,7.78561,336.779,3.8375199999999996,3.08098,False
42.1318,7.2236899999999995,13.7263,2.54221,3.08045,False
78.3459,5.75025,13.2068,2.36407,3.07421,False
56.0,5.5,1000.0,4.89692,3.06778,False
56.0,5.5,100.0,4.86988,3.06728,False
50.2153,6.10487,112.985,4.808330000000001,3.06486,False
37.2306,7.789460000000001,33.1578,3.89644,3.0631,False
108.613,7.375539999999999,0.169157,1.22428,3.06281,False
39.1699,7.8399600000000005,494.52099999999996,3.79777,3.06212,False
45.1435,6.7637100000000006,264.944,4.38108,3.06107,False
51.4905,5.69649,27.3817,4.9294400000000005,3.0566,False
48.8339,6.28958,759.59,4.72841,3.05592,False
50.3335,6.12816,186.27900000000002,4.78886,3.05132,False
116.016,7.01382,0.6441020000000001,1.3909200000000002,3.05104,False
113.934,6.76921,1.8643,1.45387,3.04995,False
152.98,6.057869999999999,0.22776100000000002,1.48466,3.0472200000000003,False
50.1001,6.17847,861.745,4.7621,3.04297,False
40.5658,7.44649,43.4365,4.26299,3.03689,False
152.876,5.93014,0.933522,1.48627,3.03588,False
100.0,7.5,1.0,1.18272,3.0332,False
82.3673,6.940510000000001,5.91333,1.53306,3.03257,False
178.0,5.5,0.1,1.25778,3.02831,False
93.7936,5.64998,11.1844,2.0989400000000002,3.02693,False
45.5953,7.45171,11.0858,2.3069900000000003,3.0269,False
41.4457,7.4384,55.6849,4.06508,3.02687,False
48.0251,6.64872,16.9014,2.80146,3.02489,False
132.836,6.23578,2.1655,1.57142,3.01417,False
43.3832,7.25206,209.63299999999998,4.110580000000001,3.00849,False
112.26799999999999,7.35094,0.235864,1.2444600000000001,3.00696,False
41.5418,7.4961899999999995,54.8224,4.02184,3.0053,False
44.1404,6.50539,23.9416,3.9649099999999997,3.00503,False
54.4031,5.8246199999999995,716.1080000000001,4.80288,3.0026,False
42.1207,7.5080800000000005,516.188,3.9691699999999996,3.00177,False
115.51,7.29288,0.108768,1.27167,3.00052,False
44.8019,6.986669999999999,58.8497,4.2776,2.99149,False
85.5584,6.3706,8.75825,1.79037,2.9901,False
48.3557,6.53566,674.203,4.50738,2.98811,False
179.313,5.51985,0.282977,1.2665,2.98617,False
103.883,7.455260000000001,1.0624799999999999,1.20662,2.98164,False
146.12,6.32404,0.45558000000000004,1.50104,2.9815099999999997,False
163.98,5.87434,0.43873500000000004,1.42191,2.9777299999999998,False
43.6552,7.332669999999999,194.199,4.04429,2.9744099999999998,False
101.781,7.648210000000001,0.729276,1.11755,2.97411,False
45.5276,7.02308,197.59599999999998,4.17392,2.97055,False
55.4868,5.81869,94.7577,4.7218,2.9632099999999997,False
51.8434,6.18353,70.5344,4.66444,2.95605,False
39.2879,7.31336,26.0233,3.79775,2.95598,False
164.135,5.970269999999999,0.230386,1.43351,2.95324,False
44.0458,7.368580000000001,122.488,4.00678,2.94685,False
40.8312,7.81407,48.8161,3.8278300000000005,2.9466900000000003,False
43.6362,6.96738,34.9078,4.51766,2.9438,False
118.736,7.007460000000001,1.20743,1.39704,2.94283,False
54.4523,5.98383,423.39599999999996,4.70413,2.94187,False
178.0,5.5,1.0,1.2959200000000002,2.94113,False
142.032,6.581189999999999,0.226677,1.4742,2.94047,False
100.0,8.0,0.1,0.9317040000000001,2.93853,False
114.242,7.23877,0.93081,1.3080100000000001,2.93779,False
106.102,7.77089,0.101341,1.04772,2.93775,False
140.628,6.5647,0.49058,1.47833,2.9354,False
51.5102,6.32739,839.319,4.58942,2.93431,False
73.2937,5.986219999999999,14.4267,2.4432,2.93147,False
180.234,5.607069999999999,0.384326,1.29444,2.92544,False
48.2211,6.75921,388.338,4.3026800000000005,2.92529,False
155.616,5.774290000000001,2.48152,1.48395,2.92135,False
173.925,5.66305,0.8736379999999999,1.34769,2.92086,False
175.09400000000002,5.65086,0.806826,1.33791,2.92022,False
76.0165,6.43465,10.9449,1.8870799999999999,2.91436,False
102.07,7.81917,0.587666,1.04459,2.9142,False
118.51299999999999,6.886880000000001,2.002,1.4058700000000002,2.9096900000000003,False
55.809,5.95223,111.779,4.65336,2.90389,False
120.556,6.28287,4.675590000000001,1.56045,2.90302,False
49.0023,6.23136,27.7094,4.481319999999999,2.89787,False
96.1183,6.00568,9.96957,1.8226200000000001,2.89732,False
134.952,6.49069,1.81552,1.5276100000000001,2.89688,False
41.5514,7.697,37.504,3.9883300000000004,2.88775,False
46.761,7.132960000000001,224.662,4.06039,2.88669,False
56.0,6.0,1000.0,4.62253,2.8801200000000002,False
56.0,6.0,100.0,4.6045300000000005,2.87982,False
80.3875,7.27203,6.08394,1.4624,2.87215,False
59.453,5.7015400000000005,154.142,4.62827,2.8672,False
95.1,7.10019,4.77571,1.4232,2.8555099999999998,False
43.3707,6.99551,23.781999999999996,3.69204,2.85403,False
100.0,6.0,10.0,1.8270400000000002,2.83605,False
122.79,7.305039999999999,0.549768,1.27938,2.83541,False
75.4466,7.746910000000001,5.1274,1.29952,2.83344,False
56.0,7.5,10.0,1.8951,2.82881,False
117.39399999999999,7.53839,0.41353100000000004,1.18006,2.82803,False
133.971,5.78015,6.32803,1.65546,2.8251,False
132.625,6.38184,3.3746300000000002,1.52407,2.82354,False
68.2602,7.6885699999999995,6.61897,1.45288,2.82166,False
55.9651,6.711469999999999,15.8884,2.45011,2.8202700000000003,False
132.659,7.1058,0.311147,1.3539700000000001,2.81946,False
57.0025,7.52521,9.70624,1.85497,2.81855,False
126.79799999999999,7.258030000000001,0.42586499999999994,1.2997299999999998,2.81723,False
100.0,8.0,1.0,0.9962489999999999,2.81615,False
46.815,7.163760000000001,42.9658,4.37589,2.81025,False
132.21200000000002,7.04398,0.68358,1.3727,2.80818,False
136.668,7.044919999999999,0.20239300000000002,1.3689,2.8079099999999997,False
48.7541,7.11332,722.6469999999999,4.01094,2.80767,False
96.0099,7.36543,3.90269,1.32134,2.80471,False
150.584,5.97206,3.34539,1.5207700000000002,2.80252,False
178.0,6.0,0.1,1.3788,2.8015,False
158.632,5.8551400000000005,2.97167,1.4840200000000001,2.80136,False
40.4754,7.79402,26.9997,3.54839,2.79982,False
115.429,7.441669999999999,1.19331,1.2305700000000002,2.79885,False
54.5178,6.4027400000000005,627.599,4.41922,2.79847,False
47.7301,6.7408399999999995,31.5774,4.40089,2.79582,False
50.967,6.813060000000001,67.2015,4.17816,2.78554,False
56.9561,6.18814,965.191,4.47035,2.78357,False
91.7524,6.52806,8.90496,1.73531,2.78349,False
172.27900000000002,5.88858,1.43269,1.4127399999999999,2.78277,False
106.954,6.15797,8.558689999999999,1.6966400000000001,2.78048,False
164.453,5.90765,2.26543,1.4587700000000001,2.779,False
185.53799999999998,5.857069999999999,0.202914,1.3315,2.77697,False
136.22899999999998,5.89165,5.999569999999999,1.63978,2.77276,False
54.6329,6.1403300000000005,25.18,4.13507,2.7709200000000003,False
99.0774,6.56387,7.66356,1.6174600000000001,2.76936,False
182.179,5.77236,1.0493299999999999,1.34261,2.76845,False
58.3749,6.08701,84.2915,4.4162099999999995,2.76587,False
124.02600000000001,6.59329,4.032019999999999,1.52291,2.76579,False
114.977,7.061660000000001,3.06528,1.36581,2.76194,False
148.784,6.70374,0.629934,1.42974,2.76044,False
53.5573,6.62655,209.412,4.2785,2.76003,False
120.995,7.362139999999999,1.19127,1.27092,2.75947,False
53.3587,6.65025,322.442,4.26441,2.7593099999999997,False
170.263,6.2510900000000005,0.274623,1.4211799999999999,2.75749,False
131.548,7.28379,0.34266199999999997,1.29151,2.75609,False
60.3617,5.945469999999999,534.457,4.4638599999999995,2.75359,False
52.5923,7.593160000000001,11.4284,2.1041,2.75054,False
50.1465,6.75558,21.0212,3.31715,2.75047,False
130.172,7.391260000000001,0.193045,1.2490700000000001,2.74733,False
43.7045,7.38444,27.116,3.66981,2.74308,False
193.615,5.53639,1.26855,1.25071,2.74063,False
161.048,6.35185,1.05535,1.4589299999999998,2.73474,False
58.6773,6.1223,67.611,4.45605,2.73192,False
50.4901,7.957260000000001,9.94538,2.1397,2.72783,False
129.403,7.4388,0.340946,1.23173,2.72044,False
56.1838,6.4607,83.9952,4.27377,2.72007,False
56.0,6.5,1000.0,4.29856,2.71778,False
56.0,6.5,100.0,4.28592,2.71762,False
106.266,6.764060000000001,6.10245,1.51183,2.71697,False
178.0,6.0,1.0,1.38828,2.71611,False
43.2413,7.905469999999999,31.498,3.55787,2.7143599999999997,False
153.36,6.82338,0.12781199999999998,1.39868,2.71415,False
45.7843,7.158710000000001,23.7363,3.52397,2.7074,False
136.106,7.31818,0.170157,1.27695,2.70722,False
41.5198,7.8143,19.3917,3.0324,2.70515,False
61.4933,5.99034,233.05700000000002,4.39318,2.70378,False
58.576,6.2767800000000005,281.02299999999997,4.35126,2.70262,False
56.428999999999995,6.524,114.535,4.26529,2.6964900000000003,False
136.982,6.0868400000000005,5.66976,1.58653,2.69635,False
98.4139,7.66715,3.35164,1.21492,2.69273,False
118.74700000000001,7.6041,1.20107,1.17506,2.6869099999999997,False
94.322,7.268619999999999,5.79028,1.39663,2.68352,False
140.73,6.24029,4.53903,1.51223,2.68319,False
49.6212,7.50703,130.06,3.7522300000000004,2.68058,False
179.128,6.266380000000001,0.138242,1.38963,2.67596,False
69.6552,7.724080000000001,7.66107,1.5023799999999998,2.67101,False
53.1082,7.01173,893.758,3.9729300000000003,2.66933,False
162.19,5.71208,4.85692,1.5257100000000001,2.66528,False
130.451,6.29997,5.80623,1.53898,2.6611599999999997,False
49.2113,7.40065,16.3596,2.48983,2.65995,False
180.588,5.66599,3.0936,1.3745399999999999,2.65212,False
54.6305,6.972980000000001,17.4886,2.61498,2.65116,False
124.19,7.65845,0.760067,1.15491,2.64949,False
112.04,6.75663,6.04142,1.5035399999999999,2.64921,False
113.20100000000001,6.29177,8.32141,1.6470900000000002,2.6491,False
204.53099999999998,5.74581,0.18873900000000002,1.2406,2.6482099999999997,False
62.0623,6.12861,456.29,4.29609,2.64266,False
63.9387,7.66298,9.35936,1.66441,2.64141,False
51.4221,7.37799,84.7991,3.7473199999999998,2.64135,False
100.706,7.520580000000001,4.15118,1.28946,2.64131,False
76.5732,7.9516100000000005,5.86411,1.31636,2.6409,False
62.7515,6.0703,888.7589999999999,4.3009900000000005,2.64089,False
152.31,6.819889999999999,0.981583,1.39573,2.63718,False
166.253,6.629589999999999,0.332731,1.40235,2.63698,False
53.2661,7.14452,315.672,3.8657800000000004,2.63105,False
125.065,7.155139999999999,2.73532,1.31942,2.62759,False
101.074,7.5647899999999995,4.13508,1.27922,2.61822,False
58.7788,6.54381,151.393,4.17391,2.61643,False
62.0686,6.0612,53.3769,4.67021,2.61565,False
72.3528,7.968380000000001,6.752619999999999,1.40278,2.60845,False
120.995,7.85876,0.80695,1.07504,2.60767,False
59.5313,6.94137,16.2832,2.35508,2.60411,False
146.986,6.7842199999999995,2.08977,1.4350399999999999,2.60082,False
178.0,6.5,0.1,1.38134,2.59774,False
130.749,7.6097399999999995,0.709803,1.17622,2.59586,False
137.064,5.95407,7.51107,1.6420700000000001,2.59495,False
54.0839,6.61643,31.3349,4.3651599999999995,2.5941099999999997,False
130.291,7.072369999999999,2.82155,1.33275,2.59186,False
163.491,6.74803,0.593443,1.39106,2.59148,False
156.039,6.84577,0.955326,1.3837700000000002,2.59117,False
67.5954,5.79741,690.818,4.21894,2.59021,False
49.699,7.920730000000001,465.83,3.5052800000000004,2.58942,False
56.0,8.0,10.0,1.9789900000000002,2.58833,False
192.28099999999998,6.19298,0.119421,1.3438,2.5855900000000003,False
125.038,7.84667,0.626224,1.0782100000000001,2.58428,False
162.928,6.62575,1.26645,1.42446,2.58187,False
144.735,7.09285,1.25978,1.33304,2.5806,False
194.63,6.14264,0.171572,1.33364,2.57979,False
160.164,6.945,0.281455,1.35695,2.5794599999999996,False
159.06799999999998,7.02013,0.117729,1.34335,2.57881,False
59.9241,6.560060000000001,248.421,4.12518,2.57762,False
100.0,6.5,10.0,1.70418,2.57689,False
131.606,6.799739999999999,4.095,1.45346,2.57649,False
187.243,6.336130000000001,0.105172,1.36168,2.57645,False
121.665,6.671469999999999,5.9971,1.48489,2.5762400000000003,False
56.0,7.0,1000.0,3.91534,2.5758,False
56.0,7.0,100.0,3.90706,2.5756900000000003,False
52.818000000000005,6.86255,31.6825,4.17178,2.57523,False
46.6473,7.5591800000000005,25.6549,3.4163900000000003,2.57356,False
175.949,6.579510000000001,0.23527199999999998,1.38271,2.57315,False
59.2288,6.40182,44.4906,4.81415,2.57212,False
219.331,5.65877,0.15714,1.16203,2.56206,False
125.863,7.55864,1.71723,1.2159200000000001,2.56169,False
62.4095,7.368860000000001,12.697000000000001,1.9143400000000002,2.56097,False
57.2956,6.90765,981.9060000000001,3.95454,2.55855,False
65.5873,6.08177,150.202,4.18916,2.55763,False
170.794,6.37046,1.8683,1.42618,2.55702,False
213.65400000000002,5.65118,0.818034,1.20414,2.55642,False
50.5388,7.79511,14.2858,2.31258,2.55476,False
157.906,6.8102100000000005,1.29777,1.39924,2.5545299999999997,False
185.90400000000002,6.34813,0.43505200000000005,1.37192,2.55419,False
71.7991,5.5626,73.6577,4.13084,2.5529599999999997,False
160.798,7.053560000000001,0.10700499999999999,1.33209,2.55036,False
184.85,6.32523,0.738035,1.38105,2.5455900000000002,False
85.6613,6.50183,13.0002,1.92136,2.544,False
197.265,6.09225,0.597202,1.3280100000000001,2.5397,False
83.964,5.72734,19.793,3.30461,2.53894,False
138.289,6.4691,5.35628,1.4888299999999999,2.5379,False
223.44299999999998,5.62694,0.260322,1.14195,2.5337099999999997,False
200.85299999999998,5.85386,1.42674,1.30714,2.53167,False
61.3562,6.57803,222.71400000000003,4.0667,2.53134,False
57.2391,7.03235,321.173,3.8628099999999996,2.52926,False
196.674,6.23906,0.138326,1.3319299999999998,2.52868,False
165.636,6.4647,2.32017,1.4305700000000001,2.52834,False
60.4181,6.69435,79.6528,3.98003,2.52105,False
145.159,6.44744,4.85196,1.4769,2.51812,False
54.9057,7.417000000000001,155.514,3.65498,2.51579,False
178.0,6.5,1.0,1.39341,2.5154,False
70.3699,5.806109999999999,83.0724,4.05168,2.51125,False
187.896,6.4912,0.156388,1.3538,2.50749,False
163.151,6.903919999999999,0.9123100000000001,1.35909,2.50388,False
203.204,6.15255,0.229771,1.3070899999999999,2.49898,False
168.74900000000002,6.746860000000001,1.07544,1.3870200000000001,2.49755,False
59.8846,6.81566,70.0728,3.94458,2.4956400000000003,False
191.69099999999997,6.42213,0.250687,1.34975,2.49267,False
221.787,5.54919,1.3312700000000002,1.16184,2.49201,False
58.1235,7.08282,206.56,3.8066199999999997,2.49058,False
168.829,6.49116,2.34322,1.41769,2.48648,False
67.895,6.12501,715.3330000000001,4.0831,2.48415,False
93.0367,6.447780000000001,12.6651,1.89178,2.48335,False
65.5013,6.3464,131.95,4.0602599999999995,2.48331,False
235.283,5.54519,0.18219000000000002,1.06985,2.4822599999999997,False
49.0893,7.72739,19.2541,2.7642,2.4801,False
61.5999,7.46592,13.5901,1.94764,2.47993,False
222.83599999999998,5.77574,0.313427,1.19228,2.47808,False
59.9766,6.91902,120.54899999999999,3.88311,2.47693,False
76.0056,5.52738,372.44199999999995,3.9962800000000005,2.47601,False
49.058,7.7347399999999995,28.3426,3.39934,2.47578,False
92.6308,5.50495,20.8379,3.3545199999999995,2.4735,False
167.475,7.01881,0.38668,1.32465,2.47228,False
72.6661,5.74199,69.0332,4.10519,2.4685,False
56.9532,7.34368,731.082,3.6476699999999997,2.46667,False
67.5289,7.187860000000001,13.9545,1.9464700000000001,2.46561,False
55.1462,7.42615,48.0401,3.85124,2.46519,False
56.0,7.5,1000.0,3.5814199999999996,2.46418,False
56.0,7.5,100.0,3.5773800000000002,2.46408,False
157.611,6.85332,2.1428,1.3997600000000001,2.46374,False
171.935,6.4851,2.3338,1.4114200000000001,2.46179,False
47.1922,7.97692,23.1923,3.10696,2.46034,False
152.019,5.65506,8.80545,1.69845,2.45986,False
65.301,6.4638800000000005,986.311,4.00969,2.45624,False
56.1942,7.5098,118.988,3.57104,2.45622,False
53.7988,7.937180000000001,258.61400000000003,3.39983,2.4489400000000003,False
54.2239,7.8017,59.7113,3.4721699999999998,2.4453400000000003,False
135.278,7.80779,1.04541,1.1164,2.43918,False
184.085,6.67215,0.555741,1.35355,2.43796,False
220.83900000000003,5.97044,0.167034,1.23286,2.4338900000000003,False
59.6589,7.13894,146.388,3.73377,2.43318,False
55.7096,7.70564,523.656,3.4784599999999997,2.4326,False
192.362,6.21216,1.8318299999999998,1.37808,2.43119,False
56.9763,7.520460000000001,578.797,3.54673,2.43031,False
159.596,7.26059,0.735951,1.2776100000000001,2.42426,False
241.606,5.5820300000000005,0.20667399999999997,1.0665799999999999,2.42203,False
191.41299999999998,5.5295,5.43906,1.37905,2.42172,False
68.1744,6.33159,118.54299999999999,3.9755199999999995,2.41958,False
50.7741,7.746569999999999,28.5158,3.36752,2.41615,False
178.0,7.0,0.1,1.3085799999999999,2.41408,False
55.615,7.82718,358.49199999999996,3.4176,2.4132,False
239.105,5.65603,0.203927,1.1015,2.41276,False
93.3179,7.899489999999999,5.89979,1.30267,2.41235,False
56.9646,7.627110000000001,538.339,3.48844,2.4098599999999997,False
72.7906,5.96778,504.775,3.96089,2.4089,False
69.9746,5.96684,38.554,4.95296,2.4081,True
170.705,7.070639999999999,0.589068,1.3048899999999999,2.40578,False
185.982,6.84116,0.113953,1.31912,2.40171,False
127.95100000000001,7.95776,1.7501099999999998,1.07218,2.39017,False
69.521,6.32163,139.257,3.9384099999999997,2.3898099999999998,False
222.824,5.852609999999999,1.12573,1.23669,2.38679,False
80.1067,5.5316,494.398,3.8575800000000005,2.3854900000000003,False
58.6704,7.526,281.101,3.5042,2.37958,False
192.363,5.875030000000001,4.16838,1.40241,2.37851,False
115.882,6.0358,12.7111,2.0185400000000002,2.37705,False
78.9413,5.6353599999999995,493.51599999999996,3.8602,2.3769400000000003,False
202.118,6.11454,2.00437,1.32778,2.37595,False
174.39700000000002,5.911980000000001,5.92316,1.5090000000000001,2.37535,False
133.98,7.981660000000001,1.2223600000000001,1.0594700000000001,2.37435,False
201.418,6.5672,0.12357,1.31135,2.37417,False
112.615,6.97585,8.004489999999999,1.50342,2.37113,False
58.5054,7.597580000000001,220.39,3.47013,2.3706400000000003,False
56.0,8.0,1000.0,3.31863,2.37053,False
56.0,8.0,100.0,3.3157699999999997,2.37049,False
209.33,6.33956,0.43691499999999994,1.29902,2.3673,False
62.9864,6.95396,60.9935,3.839,2.36666,False
56.6031,7.9345300000000005,323.086,3.34,2.36452,False
56.2368,7.30445,31.3003,3.6877800000000005,2.36393,False
163.658,7.50285,0.137407,1.20602,2.3635200000000003,False
175.28900000000002,7.096660000000001,0.547184,1.29063,2.3618,False
56.8926,7.903630000000001,764.0980000000001,3.34879,2.36151,False
250.155,5.54593,0.46549399999999996,1.04051,2.35871,False
71.7261,6.2510699999999995,136.80200000000002,3.89647,2.35679,False
158.265,7.66551,0.1503,1.15811,2.35669,False
58.9227,7.6097600000000005,327.032,3.4542599999999997,2.35652,False
100.0,7.0,10.0,1.61277,2.35291,False
77.8541,5.80326,240.78400000000002,3.84329,2.34744,False
194.99,6.69653,0.5479390000000001,1.3211700000000002,2.3427,False
224.65599999999998,5.667590000000001,2.46742,1.23295,2.34135,False
79.2292,7.07649,13.7116,1.8309099999999998,2.34001,False
142.856,6.24999,8.33025,1.58431,2.3361400000000003,False
153.486,7.809939999999999,0.331966,1.11148,2.33461,False
155.89600000000002,7.5808100000000005,0.880194,1.19281,2.3345700000000003,False
178.0,7.0,1.0,1.31282,2.33327,False
59.7016,7.06107,32.2,3.89759,2.32255,False
147.625,5.62668,11.5124,1.91133,2.3197799999999997,False
62.3744,7.32793,198.977,3.5519300000000005,2.31892,False
167.55900000000003,7.442819999999999,0.47646099999999997,1.2196200000000001,2.31757,False
75.6662,6.07408,406.339,3.8280000000000003,2.31521,False
154.316,7.25935,2.5197700000000003,1.27092,2.30894,False
144.355,6.8852199999999995,5.31005,1.38637,2.30893,False
164.608,7.6555100000000005,0.125006,1.15911,2.3071099999999998,False
161.722,6.66557,4.49501,1.41377,2.30614,False
60.5436,7.04695,31.7905,3.86636,2.3004,False
234.942,6.07787,0.143801,1.20757,2.29999,False
54.3547,7.841239999999999,20.3341,2.67996,2.2946299999999997,False
234.433,6.034669999999999,0.4613,1.21099,2.2939,False
182.003,7.04051,0.9432149999999999,1.29575,2.29256,False
186.25599999999997,6.5897,2.50113,1.35896,2.29142,False
60.3433,7.75855,112.15700000000001,3.34473,2.2904299999999997,False
164.403,7.57658,0.614737,1.1855200000000001,2.2875,False
187.673,7.097010000000001,0.30388699999999996,1.2702200000000001,2.28536,False
228.545,5.80011,2.2448200000000003,1.24482,2.28295,False
210.31099999999998,6.0170699999999995,2.9165099999999997,1.3272,2.28294,False
65.3804,7.17099,462.971,3.59617,2.27707,False
84.822,5.58838,282.337,3.69381,2.2745,False
172.93400000000003,7.46962,0.38228,1.20636,2.27363,False
80.9941,5.846509999999999,464.116,3.72915,2.27142,False
115.633,7.14659,7.992389999999999,1.4552100000000001,2.2694799999999997,False
70.0293,6.77158,203.65200000000002,3.7054400000000003,2.26494,False
96.8491,6.52511,14.6701,2.0868900000000004,2.26325,False
179.06099999999998,7.4264399999999995,0.11756199999999999,1.20971,2.2628,False
94.4478,5.88698,20.8111,3.1655599999999997,2.26191,False
76.7006,6.03641,50.2627,4.30275,2.26138,False
63.4607,7.4806,841.855,3.43485,2.26106,False
74.3219,7.1337399999999995,16.0978,2.09796,2.25791,False
116.73899999999999,5.73893,16.8221,2.59963,2.2566200000000003,False
136.97,6.887630000000001,6.8198,1.43828,2.25636,False
64.3188,7.415960000000001,452.815,3.4593300000000005,2.25252,False
178.0,7.5,0.1,1.19215,2.24974,False
194.52900000000002,6.12256,4.4526699999999995,1.42042,2.24805,False
80.1909,5.99418,114.012,3.7099800000000003,2.24498,False
113.65899999999999,7.30042,7.819960000000001,1.39485,2.24421,False
130.81799999999998,6.59708,9.28134,1.54417,2.24041,False
74.7405,6.45595,582.987,3.72171,2.23935,False
159.887,6.2104800000000004,7.80642,1.56826,2.23773,False
195.49,6.09578,4.631,1.42992,2.23766,False
217.887,5.82775,3.76759,1.31279,2.23665,False
75.7645,6.3815599999999995,107.271,3.7093,2.2359299999999998,False
78.1571,6.18728,131.69799999999998,3.71204,2.23407,False
75.42699999999999,6.37289,23.9827,3.5152699999999997,2.23318,False
220.243,6.593439999999999,0.130054,1.26348,2.23124,False
208.373,6.52316,1.4841600000000001,1.3061399999999999,2.23064,False
101.069,6.33274,15.8007,2.30576,2.22615,False
178.0,5.5,10.0,1.66055,2.21797,False
116.415,5.50024,20.0343,2.9868,2.21578,False
226.713,6.49458,0.196129,1.25098,2.21509,False
94.3109,7.4607600000000005,10.2629,1.5720399999999999,2.21354,False
73.3645,6.7053199999999995,250.45,3.6524099999999997,2.20913,False
68.9232,7.618460000000001,15.2771,1.91815,2.20873,False
93.6896,5.64136,26.6788,3.9389800000000004,2.1987799999999997,False
176.91299999999998,5.96915,7.66905,1.56492,2.19868,False
68.6087,6.683039999999999,31.4694,4.046930000000001,2.19838,False
149.524,6.59143,7.62971,1.4844899999999999,2.1971,False
114.209,7.688269999999999,6.63583,1.24652,2.19654,False
80.6947,6.082999999999999,66.056,3.75255,2.1962200000000003,False
217.1,6.46485,1.41278,1.29646,2.1959999999999997,False
58.0649,7.750789999999999,24.372,2.97887,2.19049,False
216.81799999999998,6.7611300000000005,0.29022800000000004,1.2617399999999999,2.18876,False
67.6078,7.3561,275.73,3.43649,2.18776,False
201.6,6.90085,1.03776,1.28922,2.18764,False
263.126,5.62867,1.40151,1.07348,2.18573,False
96.5912,7.576160000000001,9.66098,1.49825,2.18546,False
244.445,6.19918,0.366508,1.20056,2.18473,False
85.9385,7.513719999999999,11.921,1.6574900000000001,2.1836,False
75.2525,6.66317,837.428,3.6196,2.1802,False
178.74099999999999,7.58882,0.54798,1.16801,2.17699,False
184.19299999999998,7.03918,2.1806200000000002,1.29993,2.1762,False
204.75900000000001,6.883660000000001,0.9823850000000001,1.28339,2.17614,False
96.5739,5.86226,22.7391,3.3616599999999996,2.1735700000000002,False
159.059,7.07112,4.60104,1.3161100000000001,2.17067,False
84.9063,5.94782,173.113,3.58419,2.17015,False
178.0,7.5,1.0,1.18928,2.17014,False
66.8039,7.557939999999999,172.18900000000002,3.33025,2.1674700000000002,False
78.1277,6.47677,366.53,3.61361,2.1661200000000003,False
87.1271,5.70677,46.2091,4.34741,2.1649700000000003,False
159.54399999999998,7.56105,2.53514,1.17018,2.16273,False
62.2219,7.81838,18.3968,2.28939,2.16091,False
100.0,7.5,10.0,1.5244,2.15212,False
66.7342,7.66679,106.085,3.26762,2.14946,False
69.3591,7.3602300000000005,174.267,3.40294,2.14882,False
237.968,6.450019999999999,0.384387,1.22486,2.14525,False
71.8463,7.1361,288.151,3.4758699999999996,2.14502,False
178.00900000000001,7.79965,0.28717800000000004,1.11005,2.1428599999999998,False
263.257,5.6319099999999995,2.1965,1.09819,2.13165,False
84.4406,6.12701,401.05199999999996,3.5488,2.13099,False
94.8432,5.51061,180.264,3.43928,2.1246,False
96.3344,7.58818,10.6074,1.54067,2.11958,False
85.0911,6.13109,249.206,3.53061,2.11859,False
72.7356,6.75357,26.3988,3.47536,2.11746,False
70.6727,6.94906,24.5386,3.1947200000000002,2.11592,False
180.192,6.40107,6.37875,1.47747,2.1158900000000003,False
268.205,5.95633,0.49318,1.11569,2.11448,False
129.472,6.37221,12.429,1.83496,2.11443,False
245.949,5.9415,2.49454,1.23299,2.11055,False
232.579,6.7274,0.18370999999999998,1.2281600000000001,2.10888,False
178.0,8.0,0.1,1.0491700000000002,2.10283,False
208.185,6.865469999999999,1.78805,1.2896100000000001,2.10052,False
261.04,6.20569,0.212232,1.15804,2.0983400000000003,False
243.817,6.53252,0.296192,1.20953,2.09282,False
83.9738,7.2845699999999995,15.593,1.8978,2.09198,False
82.3901,7.63802,13.6144,1.69435,2.0910900000000003,False
73.4188,7.25588,365.083,3.38331,2.0889599999999997,False
197.00400000000002,7.596239999999999,0.10180499999999999,1.14641,2.08534,False
96.4893,5.55889,38.1083,4.3827,2.08534,True
75.4744,7.0973,200.862,3.4111599999999997,2.08186,False
216.75,6.41845,3.3164300000000004,1.31487,2.0783,False
217.24900000000002,7.1546,0.167877,1.20566,2.07788,False
281.05,5.92729,0.178266,1.06697,2.0767700000000002,False
68.1,7.95315,758.0310000000001,3.10471,2.07307,False
230.928,6.52652,1.67347,1.26801,2.07259,False
64.6663,7.8730899999999995,34.0183,3.32219,2.06858,False
76.2808,7.093380000000001,871.2639999999999,3.39479,2.06754,False
128.881,7.14765,9.05598,1.46561,2.06713,False
217.06,6.664510000000001,2.36198,1.30088,2.0667299999999997,False
183.957,6.940119999999999,4.17566,1.32156,2.06548,False
305.127,5.5279300000000005,0.403855,0.8963639999999999,2.064,False
91.7604,5.92513,530.602,3.40974,2.06156,False
72.638,7.43993,69.7446,3.28387,2.05793,False
214.588,6.3383199999999995,4.23209,1.35048,2.05499,False
202.317,7.562,0.178514,1.14854,2.05432,False
260.903,6.38785,0.112756,1.16949,2.0533200000000003,False
89.8431,6.1432400000000005,26.919,3.7041,2.05327,False
74.5016,7.33585,214.114,3.3203,2.0524,False
100.0,5.5,100.0,3.2864199999999997,2.04903,False
100.0,5.5,1000.0,3.31589,2.04893,False
79.3202,6.9313199999999995,420.98199999999997,3.4023800000000004,2.0455,False
63.9941,7.892739999999999,22.869,2.71677,2.04334,False
211.99400000000003,7.025860000000001,1.5707799999999998,1.26203,2.04327,False
316.0,5.5,0.1,0.8508,2.0407,False
225.66099999999997,7.0857600000000005,0.259608,1.2027299999999999,2.0404,False
238.426,6.645739999999999,1.08251,1.23189,2.0354799999999997,False
102.595,5.5334900000000005,34.3325,4.21568,2.02961,True
97.2679,5.72539,216.763,3.32913,2.0295400000000003,False
254.41299999999998,5.676740000000001,4.29741,1.18736,2.0288,False
178.0,8.0,1.0,1.05734,2.02568,False
273.69599999999997,6.23996,0.22089299999999998,1.13406,2.0215,False
132.236,5.83456,17.8289,2.55178,2.0207,False
91.7281,6.09048,570.727,3.3642300000000005,2.02058,False
178.0,6.0,10.0,1.64136,2.02046,False
129.482,7.74558,6.835160000000001,1.20389,2.0177,False
162.833,5.88512,12.6805,1.89353,2.0161,False
198.31599999999997,7.78317,0.23371799999999998,1.09779,2.0147,False
241.795,6.80808,0.44784700000000005,1.2055799999999999,2.01431,False
249.65200000000002,6.575639999999999,0.807348,1.20632,2.01295,False
95.6518,5.88241,776.6419999999999,3.3292699999999997,2.0129,False
80.2062,7.01508,645.381,3.34473,2.0129,False
71.743,7.86482,122.395,3.08649,2.01186,False
317.55,5.53943,0.269465,0.870296,2.01165,False
74.0335,7.090510000000001,35.8717,3.88102,2.01145,True
229.935,6.900869999999999,1.1588399999999999,1.23781,2.0039,False
207.06599999999997,7.47818,0.740947,1.16228,2.0037599999999998,False
237.24900000000002,6.991060000000001,0.272406,1.19391,2.0007200000000003,False
186.105,7.627619999999999,1.96075,1.13788,1.99952,False
73.9418,7.69688,222.717,3.1379099999999998,1.99728,False
88.4956,6.41384,206.523,3.35742,1.99626,False
98.1175,5.80647,530.006,3.2887,1.9961200000000001,False
262.45099999999996,6.51851,0.332496,1.17056,1.99394,False
92.4993,6.12595,72.6592,3.33775,1.9920400000000003,False
193.544,7.997310000000001,0.19647,1.04446,1.99099,False
85.7185,6.67363,329.79900000000004,3.34694,1.9884400000000002,False
83.587,6.857469999999999,799.5939999999999,3.33595,1.98702,False
316.0,5.5,1.0,0.8825879999999999,1.98632,False
80.354,7.15849,269.83,3.27731,1.9824,False
194.187,7.98937,0.283046,1.04609,1.9819,False
143.043,7.8448199999999995,5.49465,1.12372,1.98085,False
100.0,8.0,10.0,1.38289,1.9800900000000001,False
86.9999,6.613510000000001,601.428,3.3338300000000003,1.9794900000000002,False
227.842,6.98412,1.36576,1.2339,1.97823,False
275.145,6.39973,0.11431500000000001,1.14004,1.97734,False
69.1545,7.64808,29.0179,3.1213,1.9742400000000002,False
305.655,5.64781,1.25206,0.9699479999999999,1.97331,False
86.2676,6.70684,921.4060000000001,3.3236,1.9729700000000001,False
96.775,5.98186,277.56,3.27681,1.97205,False
153.833,7.0241,8.19634,1.4039,1.97154,False
239.995,6.84253,1.08056,1.2150100000000001,1.9710900000000002,False
277.26,6.0071,1.7785099999999998,1.1495,1.97091,False
82.9912,6.669060000000001,27.4275,3.46275,1.97035,False
80.4064,7.21829,102.926,3.24423,1.9702400000000002,False
284.73400000000004,6.23998,0.20034100000000002,1.11076,1.9688,False
89.3239,6.50574,399.06300000000005,3.31101,1.96416,False
193.282,7.11048,4.03456,1.26851,1.96216,False
86.0733,6.78994,626.932,3.3033099999999997,1.95986,False
182.675,6.2335199999999995,9.250060000000001,1.58117,1.9564400000000002,False
276.399,6.16551,1.36916,1.15658,1.95534,False
234.643,6.4198699999999995,3.6909,1.2883799999999999,1.94973,False
224.82299999999998,7.44654,0.223847,1.14229,1.94955,False
84.7209,6.962289999999999,107.181,3.26673,1.9484099999999998,False
101.838,5.793880000000001,195.76,3.20986,1.9478799999999998,False
284.586,5.9442,1.9090599999999998,1.1304100000000001,1.9460400000000002,False
161.799,7.9336,3.75377,1.07056,1.9431,False
83.5699,7.08805,86.2965,3.2104,1.9408599999999998,False
102.26100000000001,5.8051,123.807,3.19605,1.93955,False
270.197,5.818169999999999,3.74621,1.17421,1.93902,False
305.741,5.83057,0.972936,1.02144,1.93806,False
89.0079,6.6395800000000005,78.4887,3.23768,1.93745,False
83.6146,7.11498,325.217,3.22982,1.93694,False
246.55700000000002,7.085380000000001,0.133713,1.16331,1.93599,False
146.183,7.368810000000001,7.870839999999999,1.33607,1.93398,False
84.5195,7.06235,122.726,3.23389,1.9326,False
213.433,7.743130000000001,0.267702,1.09483,1.9324599999999998,False
294.649,6.1208,0.573523,1.08697,1.93165,False
93.7212,6.34697,94.4363,3.2265599999999997,1.93032,False
68.8513,7.962439999999999,29.4346,2.9721900000000003,1.92966,False
106.508,5.6191699999999996,220.997,3.14875,1.9289,False
100.0,6.0,1000.0,3.20056,1.92278,False
100.0,6.0,100.0,3.1785099999999997,1.9227599999999998,False
132.067,5.90385,19.6126,2.6760599999999997,1.9193,False
217.292,7.4705699999999995,1.16301,1.15277,1.91682,False
229.55,5.80567,7.6933300000000004,1.39367,1.91545,False
238.472,7.32389,0.140229,1.14269,1.91507,False
105.39,5.7409099999999995,686.375,3.14656,1.91383,False
102.469,7.8044199999999995,11.8199,1.48966,1.9124,False
224.993,7.61385,0.152975,1.1072899999999999,1.9106900000000002,False
261.159,6.92598,0.111305,1.15468,1.90665,False
197.544,7.84231,1.4974399999999999,1.08856,1.90555,False
78.1951,7.802919999999999,318.496,3.02198,1.90503,False
124.30799999999999,5.509930000000001,27.0752,3.47341,1.90356,False
175.738,6.11935,11.5904,1.71817,1.9018,False
316.0,6.0,0.1,1.00511,1.89956,False
100.757,6.07253,124.70100000000001,3.16473,1.89592,False
89.7958,6.826169999999999,142.67600000000002,3.2060400000000002,1.8955099999999998,False
102.512,5.9832,152.404,3.15089,1.89327,False
263.902,6.589989999999999,1.5121,1.1858899999999999,1.89105,False
161.993,7.85302,4.88359,1.10002,1.88537,False
82.964,7.48796,897.546,3.09039,1.8806599999999998,False
96.5604,6.40594,628.231,3.1736299999999997,1.87855,False
278.747,5.53132,5.65454,1.1335899999999999,1.8770200000000001,False
168.25400000000002,6.43096,11.0653,1.6599,1.87572,False
107.434,5.80236,473.92400000000004,3.09175,1.8734,False
106.165,5.871230000000001,297.154,3.10212,1.87316,False
319.123,5.86022,0.9719129999999999,0.998927,1.87313,False
77.725,7.70273,42.5192,3.4198800000000005,1.87212,False
238.109,7.19383,1.31017,1.18679,1.87135,False
236.725,7.1753100000000005,1.4935200000000002,1.19638,1.87115,False
157.41,6.6176,11.3307,1.63915,1.8708599999999997,False
330.56699999999995,5.53456,1.9495099999999999,0.8870629999999999,1.86295,False
86.9319,7.244389999999999,458.26300000000003,3.11231,1.86241,False
74.0112,7.80883,29.6451,2.99255,1.8623599999999998,False
174.685,5.78028,15.0977,2.13321,1.86012,False
285.29,6.23508,1.97889,1.1631799999999999,1.85877,False
240.55900000000003,7.47095,0.33110700000000004,1.11506,1.85422,False
178.0,6.5,10.0,1.57297,1.8539599999999998,False
179.155,6.19353,11.6469,1.69314,1.8518,False
226.68400000000003,7.07302,3.04696,1.2284700000000002,1.85127,False
215.03599999999997,7.082660000000001,3.97234,1.2489700000000001,1.8509900000000001,False
89.4403,6.84865,44.1295,3.70799,1.84771,True
316.0,6.0,1.0,1.03852,1.8469799999999998,False
149.042,5.99783,17.4791,2.36443,1.84397,False
282.6,6.524719999999999,1.1612,1.14584,1.84395,False
101.89,6.255,242.662,3.09436,1.8409,False
295.29400000000004,6.5765199999999995,0.113419,1.10643,1.8402,False
83.2037,7.729310000000001,925.206,2.98814,1.83703,False
158.002,5.96769,16.5083,2.25215,1.8358299999999999,False
366.815,5.514069999999999,0.100261,0.767734,1.83328,False
87.29299999999999,7.37281,72.0097,3.03381,1.828,False
103.375,6.23874,422.82199999999995,3.06942,1.8257,False
225.683,7.51236,1.78633,1.14031,1.8198299999999998,False
267.585,7.09386,0.343981,1.13186,1.8196700000000001,False
105.331,6.1569,110.16799999999999,3.04338,1.8192400000000002,False
193.028,6.61378,8.5667,1.45369,1.81654,False
100.0,6.5,1000.0,3.0761,1.8139,False
100.0,6.5,100.0,3.05991,1.81378,False
86.7757,7.0747800000000005,27.7238,3.16641,1.81377,False
286.756,6.8004,0.30383000000000004,1.1183299999999998,1.8101200000000002,False
83.8185,7.845110000000001,160.918,2.92552,1.80977,False
246.715,6.9363600000000005,2.70893,1.22187,1.8097400000000001,False
138.64,6.46588,16.2859,2.19864,1.8015,False
361.775,5.5934,0.72177,0.8237469999999999,1.79722,False
225.021,5.9013599999999995,9.76549,1.49269,1.7942599999999997,False
281.69,7.0061,0.11925999999999999,1.11253,1.7937400000000001,False
117.273,5.64233,446.92199999999997,2.9365,1.79368,False
316.839,5.92917,2.25595,1.05859,1.7913299999999999,False
86.8824,7.69355,632.8430000000001,2.94286,1.78918,False
331.11699999999996,5.85574,1.64743,0.9892270000000001,1.7884200000000001,False
81.2475,7.84765,40.8709,3.29645,1.7875400000000001,False
317.529,5.6222199999999996,3.8601,1.00247,1.78584,False
339.51300000000003,6.08863,0.101368,0.978875,1.78463,False
93.1822,7.20027,324.97,3.01705,1.7823099999999998,False
314.099,6.44382,0.352002,1.07399,1.78161,False
96.9875,6.8924199999999995,86.5392,3.00157,1.78128,False
212.766,7.277139999999999,4.481990000000001,1.22209,1.7779200000000002,False
106.00200000000001,6.31489,662.193,2.9992799999999997,1.7779099999999999,False
316.0,6.5,0.1,1.06774,1.77547,False
342.759,5.904319999999999,0.887158,0.959098,1.7751599999999998,False
173.59,6.7573300000000005,10.494000000000002,1.5186600000000001,1.7728400000000002,False
180.503,7.04807,8.51045,1.34521,1.7728400000000002,False
255.791,7.30094,1.14073,1.1380299999999999,1.77227,False
103.90299999999999,6.48129,332.19199999999995,3.0023,1.76958,False
373.981,5.61837,0.34970100000000004,0.8017920000000001,1.76806,False
211.22,7.3964300000000005,4.29798,1.19068,1.76528,False
301.719,6.6542699999999995,0.618274,1.10274,1.76505,False
248.274,7.7383,0.169763,1.05446,1.76499,False
353.784,5.949,0.171775,0.927309,1.7635599999999998,False
112.73700000000001,6.03659,704.678,2.93975,1.7590700000000001,False
375.74,5.58617,0.646967,0.797317,1.75554,False
183.247,5.91068,15.3001,2.07996,1.75537,False
323.036,6.35746,0.625201,1.05985,1.7522099999999998,False
266.257,7.459810000000001,0.155851,1.0805200000000001,1.7509599999999998,False
358.781,5.6136800000000004,1.74997,0.864185,1.74853,False
121.37100000000001,6.779210000000001,18.428,2.34193,1.74626,False
254.877,7.58327,0.58627,1.07705,1.7442400000000002,False
302.256,6.82578,0.294811,1.09195,1.7419099999999998,False
124.26700000000001,5.60993,42.7691,3.64665,1.74163,True
99.9442,6.92063,612.524,2.97063,1.7407700000000002,False
84.641,7.56997,29.7048,3.00639,1.7393599999999998,False
94.323,7.3947,208.52200000000002,2.92713,1.73597,False
327.327,6.10688,1.7833900000000003,1.0627,1.7332299999999998,False
107.77799999999999,6.40564,67.9235,2.99336,1.73025,False
107.491,6.46828,339.074,2.9356,1.73023,False
330.227,6.39979,0.36943000000000004,1.0440200000000002,1.73013,False
306.959,6.815460000000001,0.24462399999999998,1.08439,1.7291400000000001,False
100.0,7.0,1000.0,2.94834,1.72738,False
100.0,7.0,100.0,2.9363599999999996,1.7272900000000002,False
117.74700000000001,5.9317400000000005,174.22400000000002,2.87453,1.72712,False
92.6554,7.116289999999999,31.281999999999996,3.34142,1.72427,False
316.0,6.5,1.0,1.08665,1.7242400000000002,False
368.056,5.8093900000000005,0.728634,0.883942,1.71947,False
86.6695,7.8215699999999995,42.2767,3.24222,1.7173599999999998,False
380.89300000000003,5.78074,0.15931800000000002,0.837656,1.71429,False
240.861,7.317539999999999,3.21976,1.1703700000000001,1.71048,False
178.0,7.0,10.0,1.39831,1.71039,False
98.079,7.0782,51.4442,3.21727,1.70735,False
126.95299999999999,5.56674,477.19,2.8223,1.7063700000000002,False
124.484,5.69005,46.3113,3.5184699999999998,1.70612,True
109.83200000000001,6.320130000000001,47.3713,3.4633800000000003,1.70495,False
199.007,7.1383,7.55645,1.29956,1.7038900000000001,False
257.01599999999996,7.86176,0.101365,1.01947,1.70387,False
103.116,6.91724,125.34200000000001,2.9121200000000003,1.7027900000000002,False
364.61800000000005,5.78151,1.61827,0.907703,1.69228,False
253.612,7.5626,1.60612,1.09738,1.6907599999999998,False
97.5934,7.07775,27.3357,3.0148,1.68946,False
296.592,7.139130000000001,0.360338,1.08063,1.68913,False
355.61800000000005,6.22346,0.24442600000000003,0.978025,1.6888599999999998,False
113.053,6.37242,174.03900000000002,2.8599,1.68755,False
96.7982,7.51939,152.88,2.84511,1.68606,False
112.573,6.28423,51.2731,3.28413,1.68415,False
122.31299999999999,5.93078,686.9119999999999,2.79936,1.68072,False
141.743,5.83852,25.7792,3.0468900000000003,1.67955,False
96.3764,7.661910000000001,106.833,2.79935,1.67042,False
331.48900000000003,5.78862,4.25055,1.0322799999999999,1.67018,False
258.744,7.01284,3.87554,1.2053200000000002,1.6699099999999998,False
158.94299999999998,6.298109999999999,17.7987,2.2328099999999997,1.66682,False
98.5903,7.50511,84.7964,2.79415,1.66508,False
101.04799999999999,7.334560000000001,199.43099999999998,2.8386,1.6634200000000001,False
316.0,7.0,0.1,1.05999,1.66337,False
116.26100000000001,6.33407,252.113,2.81422,1.6618,False
404.25199999999995,5.57664,0.9013899999999999,0.760382,1.6571099999999999,False
99.1889,7.53015,390.116,2.80499,1.6562,False
214.843,6.60676,9.40996,1.45246,1.6560099999999998,False
97.4849,7.4549199999999995,48.7597,3.10176,1.65367,False
304.04,6.54256,2.95195,1.16611,1.65345,False
111.38,7.6637699999999995,16.9268,1.7936,1.6514,False
100.0,7.5,1000.0,2.80194,1.65124,False
100.0,7.5,100.0,2.7934,1.6511900000000002,False
102.307,7.038710000000001,42.6474,3.4183,1.65048,False
126.471,5.88195,372.70099999999996,2.7410400000000004,1.6503400000000001,False
122.061,6.10134,916.528,2.76957,1.64952,False
285.817,7.53673,0.32299,1.04575,1.64569,False
342.725,6.5557,0.48878,1.03539,1.6455799999999998,False
272.124,7.766260000000001,0.402307,1.0237399999999999,1.6446,False
215.389,6.93739,8.0562,1.32194,1.64325,False
354.834,5.89273,2.69506,0.974442,1.64241,False
166.303,7.20971,11.4145,1.43749,1.6421400000000002,False
256.192,7.932180000000001,0.943881,1.0127,1.63884,False
116.921,6.42773,30.8879,3.4144099999999997,1.63762,False
217.62599999999998,7.91126,3.9183199999999996,1.04819,1.63304,False
98.3592,7.7622100000000005,356.921,2.73955,1.6329799999999999,False
321.747,6.7541899999999995,1.3415,1.08031,1.6280700000000001,False
118.072,6.41902,441.32099999999997,2.76686,1.62782,False
382.837,6.11344,0.24616,0.91707,1.62725,False
96.6385,7.8385,58.8245,2.7986299999999997,1.62696,False
110.625,6.677989999999999,40.010999999999996,3.50375,1.62614,True
276.188,7.2560199999999995,2.4517900000000004,1.12979,1.6233899999999999,False
98.9109,7.617210000000001,53.0173,2.93415,1.6212,False
383.14599999999996,6.15699,0.192222,0.9223100000000001,1.61947,False
297.172,7.28137,1.06949,1.0748,1.61625,False
276.444,7.8935,0.160459,0.99356,1.61624,False
316.0,7.0,1.0,1.07133,1.61402,False
104.446,7.3798699999999995,75.7308,2.7404900000000003,1.61379,False
167.877,7.8142,8.9089,1.2218200000000001,1.61329,False
137.599,6.00704,28.4096,3.1892099999999997,1.61229,True
332.85900000000004,6.95257,0.178872,1.04103,1.61144,False
99.0323,7.867780000000001,554.124,2.69677,1.61117,False
103.539,7.52952,877.612,2.74071,1.60741,False
128.833,5.98869,78.7653,2.6572,1.60446,False
407.394,5.79249,0.776822,0.820259,1.60303,False
136.849,5.62741,337.485,2.67436,1.60214,False
282.356,7.65,0.935089,1.03805,1.59933,False
193.62,5.74452,19.2039,2.27294,1.59829,False
255.06099999999998,7.83816,2.07381,1.04415,1.59704,False
138.743,5.57669,695.875,2.66419,1.59524,False
332.49300000000005,6.96758,0.458136,1.04416,1.59464,False
104.928,7.36171,51.5717,2.97797,1.5873700000000002,False
178.0,7.5,10.0,1.25738,1.5846799999999999,False
356.269,5.8114300000000005,4.26847,1.0002,1.58381,False
100.0,8.0,1000.0,2.64272,1.58328,False
100.0,8.0,100.0,2.63699,1.5832600000000001,False
383.874,6.25579,0.47241099999999997,0.946658,1.5823,False
116.985,6.749639999999999,88.84700000000001,2.68492,1.57935,False
110.195,7.22766,177.262,2.71558,1.57866,False
142.372,6.1546199999999995,26.1114,2.9523900000000003,1.5766799999999999,False
139.252,5.66505,325.974,2.63385,1.57459,False
130.561,6.11526,132.874,2.63858,1.56913,False
441.767,5.63857,0.351044,0.717703,1.56654,False
356.995,6.81043,0.133758,1.0105899999999999,1.5664,False
112.275,7.10265,66.7224,2.74213,1.56616,False
163.585,7.607539999999999,11.3106,1.29417,1.56577,False
95.7219,7.93952,24.6471,2.3951599999999997,1.565,False
213.248,7.37137,7.836360000000001,1.22928,1.5626200000000001,False
110.14399999999999,7.358910000000001,424.14099999999996,2.68329,1.56125,False
316.0,7.5,0.1,1.01135,1.5605,False
344.31199999999995,6.97019,0.390334,1.0280200000000002,1.5603200000000002,False
128.986,6.25675,915.174,2.63489,1.5571700000000002,False
132.905,6.0728599999999995,122.583,2.61175,1.55683,False
278.596,6.34678,7.51288,1.30176,1.55665,False
141.843,5.6542699999999995,894.034,2.60548,1.55506,False
416.336,6.00104,0.353172,0.84864,1.5518,False
284.596,7.70757,1.4321700000000002,1.03502,1.55176,False
365.24300000000005,6.75921,0.145429,1.00033,1.55118,False
275.887,7.8126,1.6731200000000002,1.02783,1.548,False
405.959,6.20591,0.130138,0.8959290000000001,1.54731,False
328.783,7.36384,0.103623,1.01209,1.54605,False
316.0,5.5,10.0,1.34012,1.54216,False
385.606,6.4048099999999994,0.6357689999999999,0.966938,1.53883,False
113.613,7.27755,309.244,2.65069,1.5376,False
241.30900000000003,5.98955,13.3909,1.72219,1.53725,False
123.73299999999999,7.414110000000001,19.2409,2.0754799999999998,1.53654,False
127.574,6.44404,232.565,2.61748,1.5365,False
160.981,7.13978,14.6392,1.6645900000000002,1.53641,False
310.012,7.65645,0.39625,1.00183,1.53298,False
140.819,5.8303400000000005,184.576,2.56553,1.53267,False
387.30300000000005,6.565460000000001,0.104898,0.963586,1.52796,False
195.222,5.59186,22.9093,2.47972,1.5278100000000001,False
110.541,7.5857399999999995,208.00400000000002,2.6248,1.52758,False
241.135,7.54592,5.59134,1.1566,1.52663,False
137.609,6.0078,46.788000000000004,3.16112,1.52383,True
106.21799999999999,7.970269999999999,90.7902,2.55532,1.5213700000000001,False
252.56599999999997,7.01882,7.1043,1.2640799999999999,1.51815,False
313.041,7.60686,0.684728,1.0103600000000001,1.51763,False
371.265,6.782430000000001,0.414282,0.997259,1.51588,False
463.126,5.525469999999999,0.9582950000000001,0.6844140000000001,1.5150700000000001,False
115.637,7.2682199999999995,74.5517,2.60059,1.51431,False
321.671,7.09592,2.18281,1.0746200000000001,1.51427,False
439.916,5.55537,2.119,0.7673989999999999,1.51417,False
366.07199999999995,6.52861,1.80243,1.03873,1.51406,False
313.215,7.666980000000001,0.551157,1.00062,1.5125600000000001,False
316.0,7.5,1.0,1.02136,1.51253,False
108.236,7.893510000000001,914.6360000000001,2.56699,1.51129,False
225.734,7.8674,5.66804,1.0836299999999999,1.51091,False
273.64,7.01337,5.80008,1.23023,1.50935,False
128.362,6.57751,163.341,2.5808299999999997,1.5072299999999998,False
185.47400000000002,6.43735,17.2723,2.03535,1.50661,False
440.26800000000003,5.90238,0.490191,0.797658,1.50624,False
260.704,6.82718,7.62625,1.2964,1.5038,False
155.81799999999998,7.2228,15.6896,1.7359,1.50251,False
483.912,5.50749,0.235591,0.630857,1.5023799999999998,False
118.62899999999999,7.883319999999999,18.4361,1.82027,1.50109,False
388.80400000000003,5.54789,5.577999999999999,0.9971959999999999,1.4995399999999999,False
283.585,7.3453,4.01999,1.13299,1.4962,False
400.02,6.523569999999999,0.23594,0.9463889999999999,1.49546,False
125.383,6.81433,219.43599999999998,2.5741,1.49462,False
381.269,5.60626,5.83444,1.0235100000000001,1.49453,False
122.677,6.97434,101.83200000000001,2.57063,1.49435,False
210.86,6.20255,16.2727,1.94992,1.49399,False
120.25,7.12495,80.2714,2.5534,1.49206,False
112.932,7.63581,68.2058,2.57987,1.49075,False
398.985,6.4015699999999995,0.915378,0.9582040000000001,1.4898200000000001,False
278.33799999999997,7.658519999999999,3.23673,1.0709,1.48927,False
110.50200000000001,7.89549,130.904,2.53879,1.48926,False
229.102,5.66585,18.559,2.06377,1.48709,False
339.69800000000004,7.474989999999999,0.200673,0.988742,1.48675,False
114.56,7.61287,114.78299999999999,2.55868,1.48577,False
112.49600000000001,7.78075,676.2589999999999,2.5461099999999997,1.4844600000000001,False
140.97299999999998,6.12496,605.687,2.49822,1.48268,False
377.925,6.0203,4.12355,1.00016,1.48004,False
318.015,7.1012,3.3291,1.0994,1.46872,False
440.755,6.15709,0.147722,0.841045,1.46817,False
178.0,8.0,10.0,1.16804,1.46644,False
316.0,8.0,0.1,0.935551,1.46638,False
139.02100000000002,6.57914,27.8596,2.92313,1.46569,False
379.38699999999994,5.913130000000001,4.94899,1.01332,1.4644700000000002,False
378.559,6.54026,2.0992599999999997,1.03138,1.4628700000000001,False
356.49800000000005,6.68942,2.8075200000000002,1.0867200000000001,1.46159,False
276.71,7.958080000000001,2.7113,0.9994709999999999,1.46102,False
120.07700000000001,7.16868,29.5662,2.91217,1.4604700000000002,False
124.868,7.11752,891.143,2.52185,1.4557799999999999,False
320.097,7.091010000000001,3.5131900000000003,1.1018700000000001,1.45569,False
129.16,6.87102,120.82700000000001,2.51003,1.45478,False
439.58,6.20685,0.347785,0.856727,1.45254,False
265.012,7.67017,4.95324,1.0994899999999999,1.4467299999999998,False
316.806,7.54046,2.17777,1.03346,1.4436200000000001,False
148.422,6.0123,82.6094,2.388,1.44193,False
149.577,5.9792,443.265,2.42825,1.44133,False
156.235,5.6984,166.604,2.43342,1.43887,False
366.842,7.269989999999999,0.402904,0.980408,1.43848,False
501.811,5.62557,0.24747600000000003,0.650602,1.43803,False
318.09,7.45662,2.60764,1.05582,1.435,False
126.759,7.15955,142.411,2.4883900000000003,1.4345700000000001,False
489.155,5.71771,0.559434,0.698141,1.43235,False
228.767,6.09331,16.8498,1.92198,1.42994,False
357.31699999999995,7.52429,0.172628,0.964455,1.42992,False
391.996,6.6953,1.45361,0.996974,1.42821,False
159.746,5.62999,141.365,2.41723,1.4257799999999998,False
128.526,7.00369,54.4875,2.7088900000000002,1.42169,False
147.29,6.20085,45.5973,2.99898,1.4203700000000001,False
348.69699999999995,7.16799,2.21359,1.03454,1.42004,False
316.0,8.0,1.0,0.94504,1.41924,False
473.978,6.01126,0.22790700000000003,0.775269,1.41844,False
324.22900000000004,6.8253,5.0955900000000005,1.153,1.41834,False
226.148,7.34775,9.73323,1.25037,1.41723,False
116.178,7.616339999999999,33.9703,2.93495,1.41493,False
447.43800000000005,6.34525,0.20855500000000002,0.864208,1.41446,False
114.501,7.85045,24.4444,2.28174,1.41377,False
135.91,6.6702,45.6997,2.96936,1.4136799999999998,False
376.005,6.96185,1.60354,1.00768,1.4132,False
316.0,6.0,10.0,1.34572,1.4125,False
279.591,7.94305,3.61478,1.01605,1.41024,False
309.847,6.70063,6.7448,1.21365,1.40952,False
143.55700000000002,6.46324,786.073,2.40751,1.4087100000000001,False
302.797,6.82795,6.70666,1.21737,1.4068100000000001,False
428.665,6.50709,0.702174,0.922636,1.4063,False
339.45,7.924910000000001,0.259473,0.928832,1.40403,False
120.95700000000001,7.5926800000000005,46.8427,2.77313,1.4017700000000002,False
136.746,6.74299,60.9262,2.5611,1.40144,False
132.243,7.082269999999999,116.0,2.43225,1.40117,False
157.299,6.03785,42.5291,3.0105299999999997,1.39705,False
395.337,7.097,0.39969899999999997,0.9595040000000001,1.39644,False
137.524,7.057689999999999,25.6864,2.57403,1.39496,False
162.779,5.98233,37.5644,3.0901099999999997,1.39487,True
122.17299999999999,7.83379,204.39,2.41102,1.39392,False
165.395,5.60151,885.932,2.36985,1.39314,False
330.85699999999997,7.20375,3.7891,1.0836700000000001,1.3902700000000001,False
270.781,6.5021,11.1343,1.40578,1.38958,False
469.26,6.15698,0.497667,0.816839,1.38944,False
354.86400000000003,7.716539999999999,0.497404,0.9482389999999999,1.38723,False
135.787,7.30577,23.479,2.3496599999999996,1.3849200000000002,False
168.03799999999998,7.91793,13.3418,1.28944,1.38211,False
158.477,5.979,334.045,2.3428299999999997,1.38014,False
313.328,7.80837,2.699,1.00221,1.3797,False
529.293,5.6603900000000005,0.194579,0.634095,1.37939,False
128.482,7.48515,77.7757,2.3748099999999996,1.37832,False
137.761,6.93435,77.5701,2.36444,1.37647,False
372.298,7.37127,1.0644799999999999,0.973161,1.3758,False
413.36300000000006,6.98378,0.335582,0.943883,1.3756,False
155.994,6.122809999999999,334.495,2.32872,1.37542,False
452.399,6.50495,0.21954,0.8791680000000001,1.37457,False
344.75699999999995,5.9244699999999995,9.47808,1.27919,1.37188,False
180.488,5.584890000000001,39.8146,2.98826,1.37068,True
486.32,6.10947,0.325207,0.783918,1.37032,False
195.75599999999997,5.571680000000001,31.7896,2.92505,1.36805,True
377.284,5.86448,7.80058,1.1485299999999998,1.3679299999999999,False
400.81199999999995,6.63925,2.54549,1.0151299999999999,1.36719,False
162.161,7.873060000000001,14.7033,1.40731,1.36558,False
423.631,6.968710000000001,0.100077,0.929493,1.36504,False
433.55,6.8107,0.199536,0.919675,1.36475,False
447.68699999999995,6.662789999999999,0.10289100000000001,0.895293,1.36273,False
134.892,7.16662,65.2504,2.4363799999999998,1.36237,False
432.163,6.65152,0.976583,0.9358059999999999,1.3610200000000001,False
125.214,7.932869999999999,240.84,2.3538099999999997,1.35904,False
375.11400000000003,7.10605,2.2953900000000003,1.01032,1.3587200000000001,False
248.387,7.9943100000000005,6.5813,1.0586799999999998,1.35851,False
148.487,6.57653,327.941,2.3309599999999997,1.3579299999999999,False
384.592,7.551089999999999,0.138631,0.933637,1.3579,False
562.0,5.5,0.1,0.560674,1.35744,False
209.58700000000002,6.52344,18.0581,1.9613099999999999,1.3573600000000001,False
172.68099999999998,5.5461599999999995,342.671,2.31409,1.3568799999999999,False
127.693,7.8025,447.31699999999995,2.34979,1.3533899999999999,False
137.303,7.146560000000001,71.9753,2.3580200000000002,1.3501299999999998,False
479.605,6.01844,1.6451799999999999,0.800847,1.34877,False
134.939,7.355689999999999,963.1410000000001,2.35051,1.3474700000000002,False
357.63199999999995,6.763719999999999,4.9122900000000005,1.10867,1.3467200000000001,False
311.327,6.923780000000001,7.07915,1.20131,1.34594,False
499.96,5.98459,0.8723790000000001,0.752554,1.3452899999999999,False
288.414,5.73068,16.2091,1.70049,1.3424399999999999,False
158.92700000000002,6.234319999999999,928.461,2.2780400000000003,1.34077,False
511.905,5.99728,0.417753,0.735028,1.3378700000000001,False
149.399,6.68038,299.087,2.30266,1.33705,False
155.371,6.41716,338.05199999999996,2.28484,1.33699,False
160.911,6.17351,290.987,2.2704,1.33663,False
144.965,6.89053,292.43,2.31632,1.3364200000000002,False
151.566,6.601719999999999,803.14,2.29362,1.33428,False
178.0,5.5,100.0,2.24626,1.33343,False
178.0,5.5,1000.0,2.2785900000000003,1.33299,False
145.474,7.98375,17.8208,1.6609200000000002,1.33194,False
312.844,7.0644,6.701630000000001,1.17326,1.33144,False
327.116,7.9267199999999995,2.49955,0.9689530000000001,1.331,False
452.245,6.74202,0.32245300000000005,0.900898,1.33046,False
383.42699999999996,7.74257,0.137796,0.913537,1.3297,False
183.829,6.13587,28.1483,2.66843,1.32836,False
366.18300000000005,7.1705,3.25172,1.0326899999999999,1.32774,False
506.194,6.12713,0.36043200000000003,0.766058,1.32721,False
279.81,7.6757,6.49028,1.11004,1.32645,False
562.0,5.5,1.0,0.596988,1.32523,False
434.348,6.42322,2.69089,0.949601,1.32436,False
164.773,6.12407,106.586,2.23287,1.3202200000000002,False
130.907,7.71091,53.54600000000001,2.49064,1.31959,False
477.82300000000004,6.3855900000000005,0.78022,0.8477100000000001,1.3194700000000001,False
544.951,5.8274,0.178312,0.662007,1.3192700000000002,False
439.01,6.745489999999999,1.31282,0.942059,1.3163799999999999,False
150.18,6.72175,62.6825,2.38789,1.3154299999999999,False
142.481,7.0457,37.4695,2.88377,1.3148600000000001,True
130.749,7.97182,260.349,2.28175,1.31332,False
381.17199999999997,6.84087,4.09606,1.06292,1.31082,False
175.025,5.7720199999999995,93.6306,2.20427,1.30935,False
444.025,6.789039999999999,1.1002399999999999,0.931024,1.30768,False
146.607,6.9892199999999995,68.307,2.30971,1.30675,False
254.305,6.05525,18.2875,1.8902700000000001,1.30545,False
135.105,7.7302800000000005,84.9745,2.25647,1.30484,False
559.7959999999999,5.77144,0.191779,0.636808,1.30419,False
542.7669999999999,5.78693,0.941901,0.679507,1.3029600000000001,False
345.207,6.45421,8.25802,1.17624,1.30216,False
316.0,6.5,10.0,1.28522,1.3017299999999998,False
495.44599999999997,6.446359999999999,0.16903800000000002,0.822011,1.29982,False
151.971,6.84515,306.075,2.2490200000000002,1.29807,False
134.826,7.86222,95.1359,2.24611,1.29485,False
182.433,5.689080000000001,48.9216,2.70735,1.29443,True
183.81599999999997,7.4162,16.7327,1.6928599999999998,1.29351,False
404.42199999999997,7.6250800000000005,0.313815,0.9099299999999999,1.29318,False
446.7,6.97502,0.615074,0.9161040000000001,1.29259,False
280.693,6.37918,14.0512,1.60564,1.28819,False
252.433,7.50062,9.90595,1.19692,1.28804,False
163.93599999999998,6.401730000000001,103.104,2.18646,1.28793,False
173.015,6.969939999999999,22.4323,2.2067200000000002,1.28698,False
142.468,7.31545,59.5297,2.37557,1.28656,False
139.352,7.638439999999999,651.587,2.24817,1.28599,False
479.605,6.69003,0.339307,0.8681620000000001,1.28364,False
411.38199999999995,6.3399,5.388719999999999,1.01795,1.28338,False
466.939,6.8062,0.519458,0.892526,1.2824200000000001,False
319.248,6.3420000000000005,11.2966,1.37507,1.28188,False
229.396,7.0982199999999995,14.0967,1.51816,1.28177,False
186.17,5.5700400000000005,319.763,2.19634,1.27816,False
155.791,6.822589999999999,373.11699999999996,2.2131,1.27804,False
334.675,5.51583,16.2331,1.5842399999999999,1.27674,False
356.365,7.220110000000001,4.78215,1.07155,1.27579,False
533.258,6.18101,0.195689,0.744757,1.27544,False
171.24,6.17777,109.40299999999999,2.16874,1.27525,False
277.183,6.16779,16.160999999999998,1.70593,1.2743799999999998,False
413.994,5.84972,8.26348,1.1114,1.27275,False
484.664,5.67509,5.3189,0.870183,1.2722799999999999,False
141.048,7.6794,652.5840000000001,2.22296,1.27051,False
570.453,5.62038,1.49799,0.63777,1.27005,False
221.25099999999998,6.674980000000001,18.4319,1.8989,1.26993,False
432.64099999999996,7.27561,0.792407,0.9152790000000001,1.26746,False
146.26,7.38772,762.53,2.22084,1.26668,False
255.50799999999998,6.07178,19.4491,1.9241,1.26665,False
230.733,6.8603,16.1744,1.7138,1.26586,False
174.551,6.07969,56.8646,2.42035,1.2631299999999999,False
562.0,6.0,0.1,0.6819529999999999,1.26229,False
178.0,6.0,100.0,2.13911,1.26176,False
568.974,5.79274,0.875418,0.6590600000000001,1.26146,False
178.0,6.0,1000.0,2.1638,1.26146,False
461.533,6.650180000000001,1.91924,0.922949,1.26136,False
144.33,7.5877300000000005,94.2003,2.19046,1.25775,False
150.907,7.108510000000001,60.3744,2.32681,1.2576200000000002,False
442.639,7.369269999999999,0.24121199999999998,0.8969959999999999,1.2561799999999999,False
147.63299999999998,7.76883,22.1602,2.03157,1.25611,False
445.814,5.99148,6.07492,0.990648,1.2559799999999999,False
145.858,7.512519999999999,93.1421,2.18523,1.25546,False
172.485,6.275919999999999,234.453,2.14724,1.25524,False
138.806,7.99936,454.47,2.19034,1.25482,False
452.842,5.97768,5.83148,0.972936,1.2536,False
402.289,7.2187399999999995,2.94558,0.995506,1.25043,False
145.939,7.565230000000001,84.4802,2.1669400000000003,1.24843,False
382.026,6.62852,6.57263,1.09392,1.24784,False
550.793,6.07956,0.651551,0.717224,1.24718,False
593.761,5.78609,0.244589,0.616372,1.24609,False
421.964,7.694439999999999,0.325993,0.888224,1.2456200000000002,False
504.399,6.684939999999999,0.172541,0.8376129999999999,1.2456,False
618.182,5.62197,0.12783699999999998,0.557417,1.2443899999999999,False
499.93800000000005,6.2847800000000005,2.16309,0.8365670000000001,1.24321,False
563.418,5.96039,0.804138,0.693353,1.24262,False
448.00199999999995,7.3262100000000006,0.5096189999999999,0.896842,1.2411299999999998,False
273.397,6.83073,13.1825,1.44684,1.23999,False
173.532,6.3870000000000005,408.925,2.11764,1.2356,False
168.926,6.5326699999999995,59.6469,2.2925400000000002,1.23171,False
599.7719999999999,5.83019,0.177565,0.619609,1.2315399999999999,False
593.048,5.90027,0.106905,0.636791,1.23151,False
403.163,7.5797,2.00691,0.9372739999999999,1.23148,False
562.0,6.0,1.0,0.707015,1.23114,False
261.061,5.75493,23.5434,2.1522,1.23069,False
409.464,7.55019,1.86055,0.930205,1.22896,False
434.903,7.38829,1.2267299999999999,0.909467,1.22824,False
155.681,7.22445,476.461,2.1489700000000003,1.22821,False
453.24300000000005,7.39162,0.353373,0.886468,1.22793,False
148.39600000000002,7.65485,574.7280000000001,2.15354,1.2259799999999998,False
161.713,7.85624,19.7029,1.80125,1.2240799999999998,False
144.61,7.95345,727.002,2.1410400000000003,1.2218799999999999,False
496.471,6.93233,0.206179,0.859699,1.22133,False
398.881,7.6688600000000005,2.15924,0.934232,1.22075,False
605.124,5.74573,0.7262149999999999,0.613628,1.2206299999999999,False
244.53400000000002,5.5755300000000005,29.3063,2.56245,1.2180799999999998,False
356.421,7.63157,4.63435,1.0207600000000001,1.2168700000000001,False
360.63,7.72248,4.0629599999999995,1.0024600000000001,1.21686,False
146.702,7.91108,884.671,2.12814,1.21275,False
610.372,5.865419999999999,0.11738399999999999,0.617337,1.21207,False
435.885,7.69366,0.533885,0.8803049999999999,1.21002,False
198.053,5.65848,72.68,2.12796,1.20821,False
159.226,7.23583,176.583,2.1136,1.20697,False
151.76,7.660410000000001,272.097,2.1202099999999997,1.20523,False
475.11,5.8463,6.86305,0.971774,1.2045,False
580.119,5.92037,1.39391,0.691561,1.20404,False
186.12400000000002,6.1212800000000005,203.27700000000002,2.07484,1.204,False
316.0,7.0,10.0,1.2327700000000001,1.2036,False
596.1759999999999,5.99793,0.32460900000000004,0.659986,1.20298,False
187.207,6.08915,79.3583,2.0420700000000003,1.20157,False
178.0,6.5,100.0,2.0448,1.1988299999999998,False
178.0,6.5,1000.0,2.06278,1.19855,False
155.414,7.53148,297.955,2.10616,1.1967,False
344.017,7.40993,6.628610000000001,1.08712,1.19625,False
599.719,6.02798,0.23524899999999999,0.65995,1.19579,False
159.89,7.3326899999999995,399.941,2.09315,1.19254,False
381.842,7.10531,5.90914,1.07881,1.19131,False
148.53799999999998,7.983160000000001,72.6634,2.08541,1.19115,False
282.722,7.69223,9.376619999999999,1.11217,1.1901,False
613.4830000000001,5.8926099999999995,0.552922,0.635213,1.18887,False
152.377,7.80957,441.61400000000003,2.08975,1.18803,False
429.63800000000003,7.596419999999999,1.78594,0.905467,1.18545,False
263.878,7.92462,9.88945,1.0687,1.18431,False
507.50300000000004,6.86845,0.965717,0.865079,1.1829100000000001,False
167.59599999999998,7.06625,171.058,2.06603,1.18251,False
562.0,6.5,0.1,0.7622270000000001,1.18181,False
478.07300000000004,7.4779800000000005,0.131827,0.8593379999999999,1.17987,False
213.236,7.251339999999999,18.3083,1.75752,1.1783299999999999,False
417.923,7.229480000000001,3.93795,1.00929,1.1763700000000001,False
520.874,6.77186,0.947416,0.843102,1.17565,False
205.803,6.06406,39.3546,2.6141900000000002,1.17019,True
343.55300000000005,7.653989999999999,6.45864,1.05349,1.1672,False
474.272,7.572139999999999,0.31147600000000003,0.857079,1.1666,False
393.036,7.915019999999999,2.94715,0.93227,1.16544,False
200.544,5.9934199999999995,48.4739,2.4665,1.16477,False
190.585,6.2695300000000005,941.951,2.0127900000000003,1.1645299999999998,False
625.026,5.90758,0.7690020000000001,0.6368149999999999,1.16382,False
377.17400000000004,5.87023,14.0748,1.36467,1.16337,False
199.31099999999998,5.95309,73.3729,2.03438,1.16326,False
434.963,7.95887,0.8516,0.8570399999999999,1.162,False
533.578,6.85693,0.474579,0.827767,1.16072,False
207.44099999999997,5.7129900000000005,159.053,2.01506,1.15859,False
542.056,6.661789999999999,0.983816,0.815296,1.15667,False
318.97700000000003,6.0878,17.2439,1.63199,1.15564,False
477.38199999999995,7.44913,0.951944,0.8710370000000001,1.15313,False
528.319,6.36958,3.03839,0.840219,1.1524299999999998,False
360.26300000000003,5.8006,16.3779,1.51346,1.1518700000000002,False
562.0,6.5,1.0,0.781917,1.15081,False
226.47799999999998,7.2377199999999995,17.9281,1.6972200000000002,1.15076,False
230.551,7.5773399999999995,15.2617,1.4417200000000001,1.14959,False
433.564,6.0082,10.2103,1.15487,1.1450799999999999,False
495.332,7.53535,0.10133500000000001,0.842568,1.14452,False
529.6469999999999,6.028,4.9545900000000005,0.8691059999999999,1.14437,False
185.965,6.65755,106.90899999999999,1.96632,1.14218,False
513.5880000000001,7.2453,0.44426499999999997,0.84852,1.14068,False
593.029,6.42214,0.337596,0.7298479999999999,1.14036,False
178.0,7.0,100.0,1.97413,1.13926,False
178.0,7.0,1000.0,1.9880200000000001,1.1391200000000001,False
466.49800000000005,7.8996,0.318223,0.834217,1.136,False
472.224,6.92513,3.64238,0.951592,1.13491,False
385.215,6.663119999999999,9.46251,1.15717,1.1348200000000002,False
213.33599999999998,5.72176,263.556,1.97645,1.13297,False
555.918,6.751469999999999,0.763187,0.803162,1.13105,False
172.72099999999998,7.307110000000001,299.879,1.98646,1.1299,False
158.609,7.9188,27.0818,2.13445,1.1286,False
450.001,6.19787,8.61787,1.09396,1.12858,False
693.07,5.71774,0.247191,0.541397,1.1271,False
482.27,6.08052,7.628489999999999,1.01268,1.1263100000000001,False
175.505,7.2317100000000005,378.902,1.9755200000000002,1.1251200000000001,False
595.6669999999999,6.48569,0.416419,0.7378170000000001,1.12491,False
381.644,7.13092,7.643439999999999,1.09517,1.12446,False
229.644,7.584210000000001,16.2122,1.50702,1.12355,False
316.0,7.5,10.0,1.1383,1.11727,False
485.13300000000004,7.7047300000000005,0.6895140000000001,0.841907,1.11667,False
197.03,6.59957,41.9278,2.47071,1.11392,True
562.0,7.0,0.1,0.801141,1.11259,False
164.304,7.93796,185.62400000000002,1.96721,1.11248,False
653.504,6.155869999999999,0.10217999999999999,0.639582,1.10885,False
169.076,7.70395,452.95,1.9595799999999999,1.10869,False
661.054,6.0637099999999995,0.27319,0.623498,1.10857,False
177.28400000000002,7.309410000000001,375.72,1.9501099999999998,1.10851,False
647.16,6.19808,0.20620300000000003,0.652778,1.10711,False
536.187,7.338830000000001,0.12295199999999999,0.822422,1.10599,False
503.204,7.42439,1.19689,0.8611709999999999,1.10588,False
220.74400000000003,5.71163,725.512,1.9340099999999998,1.10484,False
332.23,7.2923100000000005,10.414000000000001,1.16746,1.10204,False
547.837,7.2114199999999995,0.328895,0.820449,1.09779,False
171.46099999999998,7.705439999999999,300.488,1.93957,1.0971799999999998,False
223.56400000000002,5.69517,66.8608,2.03701,1.09636,False
652.288,6.08098,1.06972,0.655922,1.09257,False
558.368,5.87108,6.27658,0.84829,1.0923200000000002,False
334.23400000000004,7.7869600000000005,8.41847,1.04544,1.09205,False
217.05700000000002,5.98289,610.552,1.90065,1.08707,False
179.49200000000002,7.42385,992.3610000000001,1.91713,1.08675,False
186.57,7.13285,287.62,1.90451,1.08623,False
178.0,7.5,100.0,1.9071200000000001,1.08596,False
178.0,7.5,1000.0,1.9179700000000002,1.08592,False
537.212,7.44429,0.29523,0.8209930000000001,1.0852700000000002,False
449.361,6.934010000000001,6.1893199999999995,1.0014100000000001,1.08427,False
484.23900000000003,7.96956,0.738417,0.820501,1.08281,False
437.23900000000003,7.82412,3.3321,0.8989530000000001,1.08275,False
562.0,7.0,1.0,0.819066,1.0815299999999999,False
209.93400000000003,7.70206,19.6336,1.7177099999999998,1.07702,False
211.609,6.2603599999999995,693.7869999999999,1.87651,1.07681,False
253.958,6.073180000000001,30.646,2.36312,1.07549,False
179.847,7.52951,320.246,1.90012,1.07489,False
657.9580000000001,6.03024,1.7329700000000001,0.6606989999999999,1.07342,False
475.55699999999996,7.681830000000001,2.4649900000000002,0.8743,1.07013,False
510.004,7.949210000000001,0.11043399999999999,0.798751,1.06998,False
233.012,5.68923,57.5239,2.1023099999999997,1.06964,False
168.597,7.96299,29.9697,2.20178,1.0691,False
195.203,6.9245399999999995,66.1801,1.9303099999999997,1.06785,False
510.385,7.13431,3.03342,0.9050950000000001,1.06713,False
182.31599999999997,7.523,546.1419999999999,1.8827900000000002,1.06481,False
207.958,6.50075,241.114,1.8544,1.0647799999999998,False
256.955,5.897,34.4481,2.39131,1.0634299999999999,True
426.42699999999996,7.669230000000001,5.007709999999999,0.957743,1.0607600000000001,False
549.703,6.702260000000001,3.395,0.857883,1.06017,False
637.672,6.6333,0.154378,0.71526,1.05944,False
419.88699999999994,5.89711,15.0167,1.327,1.05938,False
495.91900000000004,7.475960000000001,2.66552,0.8980790000000001,1.05914,False
181.55900000000003,7.52237,39.5844,2.35653,1.05654,False
562.0,5.5,10.0,0.987504,1.05623,False
191.828,7.20568,75.7314,1.84113,1.05429,False
181.83700000000002,7.6670300000000005,936.448,1.8660900000000002,1.05397,False
562.0,7.5,0.1,0.7977420000000001,1.05125,False
265.591,5.656630000000001,38.0883,2.3641400000000004,1.04979,True
645.929,6.44344,0.998517,0.699492,1.04951,False
721.663,5.75104,1.71538,0.579521,1.0489700000000002,False
641.465,6.69268,0.103979,0.717202,1.04882,False
790.82,5.56128,0.30942800000000004,0.46865,1.04879,False
635.788,6.71882,0.216263,0.726295,1.04864,False
680.435,6.10794,1.36291,0.6469229999999999,1.04728,False
527.467,7.808910000000001,0.562813,0.8029890000000001,1.0456,False
458.54400000000004,7.92295,3.11343,0.871035,1.0436299999999998,False
316.0,8.0,10.0,1.0345799999999998,1.04283,False
178.0,8.0,1000.0,1.8523900000000002,1.04282,False
178.0,8.0,100.0,1.84465,1.0427899999999999,False
697.169,5.76507,2.88718,0.628095,1.04088,False
290.228,6.494219999999999,21.6645,1.78575,1.04072,False
555.352,7.3949300000000004,1.04685,0.826151,1.04059,False
215.785,6.45389,153.672,1.81686,1.04046,False
614.25,7.0054,0.248969,0.76226,1.0381200000000002,False
216.74599999999998,6.45359,93.2237,1.7843200000000001,1.03685,False
216.312,6.52168,49.3411,2.17008,1.03405,False
223.023,6.29669,113.902,1.7973299999999999,1.03103,False
211.196,6.7198,615.9540000000001,1.7969099999999998,1.03061,False
638.566,6.781610000000001,0.453354,0.734692,1.0299200000000002,False
473.962,7.92731,2.87364,0.853555,1.02823,False
361.05699999999996,7.83628,8.55545,1.0193299999999998,1.0278,False
275.504,7.05923,19.2381,1.67093,1.02601,False
248.03900000000002,5.56605,183.041,1.8143599999999998,1.02587,False
793.209,5.61336,0.797896,0.49321099999999996,1.02565,False
244.543,5.67401,349.434,1.8110099999999998,1.02534,False
209.33700000000002,6.85262,486.17800000000005,1.79175,1.02478,False
185.111,7.911519999999999,27.6855,2.04841,1.02291,False
533.716,7.70845,1.33461,0.816922,1.02223,False
691.294,6.457409999999999,0.165785,0.656144,1.02147,False
201.546,7.583139999999999,26.4565,2.04407,1.0211,False
562.0,7.5,1.0,0.813979,1.0210700000000001,False
225.502,6.6733199999999995,37.2988,2.32977,1.01839,True
559.34,7.8113600000000005,0.139205,0.780354,1.0177,False
666.919,6.16057,2.70582,0.699786,1.0160200000000001,False
569.9830000000001,7.6684399999999995,0.266425,0.7863760000000001,1.0159799999999999,False
510.714,6.1085199999999995,10.2535,1.04772,1.0113299999999998,False
543.132,6.2644,7.62604,0.9488110000000001,1.01074,False
208.55900000000003,7.11735,36.7597,2.28924,1.0099200000000002,True
698.6339999999999,6.42724,0.607963,0.655672,1.00518,False
682.799,6.478280000000001,0.960807,0.677846,1.0050700000000001,False
553.779,6.73999,4.9528300000000005,0.886977,1.00334,False
285.14,5.7676,35.7298,2.26057,1.00084,True
776.309,5.98977,0.22464299999999998,0.5458,0.999602,False
216.055,6.8616,353.966,1.7496900000000002,0.9995569999999999,False
716.039,5.62571,4.70714,0.6530100000000001,0.9986280000000001,False
473.17199999999997,6.43185,10.6424,1.11171,0.998597,False
557.712,7.91445,0.43989300000000003,0.775159,0.998108,False
612.306,7.37581,0.24168,0.770618,0.997898,False
557.6759999999999,7.9796,0.26709099999999997,0.769251,0.996873,False
562.0,8.0,0.1,0.763451,0.994925,False
328.31199999999995,5.963769999999999,25.7464,1.9918099999999999,0.993332,False
652.746,5.76602,6.71857,0.7769010000000001,0.990944,False
468.07800000000003,7.42057,6.12597,0.963512,0.989627,False
254.678,5.72745,417.38199999999995,1.75265,0.9879680000000001,False
535.384,6.24953,9.1185,0.994663,0.9855959999999999,False
238.649,6.24409,104.671,1.7193599999999998,0.984474,False
208.515,7.30428,194.02900000000002,1.7386599999999999,0.9844569999999999,False
520.18,6.10185,10.9446,1.05255,0.9830610000000001,False
732.971,6.19321,1.3383399999999999,0.623467,0.9820989999999999,False
256.718,5.75317,342.186,1.7391400000000001,0.979215,False
584.1030000000001,7.909960000000001,0.10622000000000001,0.75848,0.9776959999999999,False
219.484,6.97617,955.0010000000001,1.71576,0.977332,False
425.975,5.535880000000001,22.0318,1.7229400000000001,0.9752629999999999,False
704.748,6.45185,1.36101,0.6717989999999999,0.9749610000000001,False
779.18,5.86404,1.8079,0.568711,0.974618,False
336.918,7.02313,16.5172,1.46695,0.9742629999999999,False
223.674,7.87662,21.7826,1.69002,0.973725,False
580.302,7.36569,2.2368799999999998,0.832767,0.973333,False
562.0,6.0,10.0,0.982133,0.9728030000000001,False
772.3860000000001,6.20003,0.34639899999999996,0.579593,0.9710049999999999,False
771.0980000000001,6.16564,0.606769,0.581565,0.9698690000000001,False
601.258,7.42346,1.39032,0.801461,0.969199,False
376.716,6.86165,14.9071,1.36351,0.969197,False
429.54900000000004,7.78954,7.1067100000000005,0.9669610000000001,0.9691110000000001,False
658.788,6.95879,1.01181,0.742104,0.9689719999999999,False
680.903,5.90477,5.52759,0.728919,0.968669,False
583.816,5.6801699999999995,11.2399,1.0201200000000001,0.968426,False
643.974,5.75384,8.13546,0.8415600000000001,0.967194,False
447.843,7.803660000000001,6.3280199999999995,0.94316,0.965677,False
562.0,8.0,1.0,0.769073,0.9651209999999999,False
691.62,6.93968,0.10803900000000001,0.701446,0.9640690000000001,False
203.93400000000003,7.6970600000000005,80.4324,1.69303,0.9636299999999999,False
546.293,6.801889999999999,6.43007,0.92565,0.962457,False
896.5139999999999,5.54694,0.294067,0.432036,0.9611850000000001,False
549.03,6.36337,8.72598,0.973435,0.9611350000000001,False
703.005,6.80483,0.417842,0.689254,0.9593079999999999,False
814.319,5.68105,2.3736599999999997,0.54459,0.9580209999999999,False
657.3,7.0317300000000005,1.1564299999999998,0.749337,0.95778,False
649.452,7.356489999999999,0.30212100000000003,0.7468859999999999,0.9566040000000001,False
518.631,6.38018,10.3128,1.0433299999999999,0.956469,False
820.415,6.04122,0.143849,0.5303140000000001,0.9558139999999999,False
623.311,7.60807,0.39355999999999997,0.759025,0.9557,False
225.438,7.0138,214.41400000000002,1.6782,0.954297,False
789.1210000000001,6.2579400000000005,0.13053599999999999,0.574116,0.954184,False
682.262,6.47661,2.85472,0.726283,0.9535790000000001,False
701.37,6.690810000000001,1.18361,0.69088,0.9531209999999999,False
209.528,7.654260000000001,549.817,1.6887599999999998,0.949997,False
714.28,6.83475,0.24116300000000002,0.680917,0.949765,False
691.85,7.0483,0.24806599999999998,0.709943,0.947609,False
611.529,7.88536,0.190389,0.746541,0.9463959999999999,False
689.444,7.02434,0.46433900000000006,0.71504,0.9462860000000001,False
264.639,5.86166,623.21,1.68675,0.945593,False
575.281,7.81755,1.77498,0.7925760000000001,0.9445889999999999,False
581.32,7.75208,1.8401299999999998,0.800098,0.9429270000000001,False
226.544,7.11445,339.333,1.6590099999999999,0.9421889999999999,False
246.544,6.43061,85.9976,1.62921,0.941326,False
257.48,6.318309999999999,46.3728,2.0706700000000002,0.941106,False
259.22,6.10787,63.6921,1.7952400000000002,0.937058,False
276.392,5.62362,327.397,1.6785400000000001,0.9369930000000001,False
639.427,7.31182,1.47733,0.772694,0.936284,False
621.181,7.76996,0.599809,0.755249,0.934945,False
212.218,7.66944,35.977,2.1122,0.934744,True
259.711,6.13105,94.9042,1.63532,0.933149,False
214.515,7.5965,63.409,1.72165,0.9323809999999999,False
220.99099999999999,7.39965,67.7011,1.68602,0.9315549999999999,False
272.524,5.800730000000001,850.952,1.6632200000000001,0.9301379999999999,False
672.253,6.71335,3.00937,0.7494529999999999,0.929841,False
933.811,5.5976300000000005,0.148758,0.426044,0.929593,False
225.511,7.32298,839.32,1.6425900000000002,0.927068,False
867.432,5.9158,0.586838,0.5049279999999999,0.924586,False
402.57099999999997,6.3006400000000005,19.2726,1.47325,0.924323,False
220.95,7.5536,206.405,1.6386599999999998,0.921644,False
615.21,7.6677100000000005,1.61049,0.7852439999999999,0.9213979999999999,False
266.914,6.05349,190.77599999999998,1.64652,0.920895,False
259.772,6.27688,80.62,1.60474,0.9190860000000001,False
241.37900000000002,6.869110000000001,489.66900000000004,1.61647,0.9177219999999999,False
777.828,6.01237,3.3564300000000005,0.6241949999999999,0.917492,False
677.404,6.32472,5.29863,0.763637,0.9158620000000001,False
502.931,6.07215,15.0838,1.21065,0.913955,False
758.821,6.805910000000001,0.197206,0.6494939999999999,0.913317,False
817.1189999999999,6.17552,1.43474,0.581005,0.9086930000000001,False
276.039,5.9383300000000006,506.589,1.6270200000000001,0.9079440000000001,False
864.2489999999999,5.8894400000000005,1.59825,0.528224,0.9070879999999999,False
813.557,6.28763,1.0543,0.585603,0.906711,False
1000.0,5.5,0.1,0.39466,0.899243,False
319.70099999999996,7.9924800000000005,14.9495,1.19135,0.8979590000000001,False
330.129,5.50737,41.722,2.0211,0.897816,False
562.0,6.5,10.0,0.9857239999999999,0.897466,False
222.563,7.8224100000000005,32.9464,2.02637,0.8960290000000001,False
570.79,6.2731,11.145,1.00363,0.8950600000000001,False
294.409,6.1628300000000005,41.522,2.0274099999999997,0.893142,True
320.88,6.892919999999999,23.0508,1.65257,0.892077,False
842.567,6.34066,0.478584,0.564751,0.891609,False
293.605,5.66069,162.972,1.60599,0.890279,False
295.112,5.62849,620.948,1.60525,0.8897219999999999,False
901.962,5.94433,0.840981,0.502208,0.8896209999999999,False
229.00599999999997,7.67962,40.9712,1.9921,0.8835540000000001,True
972.903,5.537780000000001,1.51132,0.44920600000000005,0.881909,False
1000.0,5.5,1.0,0.421572,0.880236,False
672.923,7.36222,2.11425,0.759965,0.879308,False
248.87599999999998,7.08714,184.71900000000002,1.55265,0.878747,False
820.173,6.6683,0.169964,0.602117,0.8785700000000001,False
267.659,6.5129,133.975,1.56372,0.8774290000000001,False
245.03900000000002,7.22364,68.5927,1.5828200000000001,0.876907,False
885.512,6.2340599999999995,0.384448,0.5323260000000001,0.8751559999999999,False
677.4860000000001,7.62717,1.33134,0.746165,0.871434,False
255.452,7.410019999999999,30.1163,1.92904,0.8712489999999999,False
754.9580000000001,7.29395,0.128357,0.678773,0.8681770000000001,False
905.7660000000001,6.21784,0.187396,0.51773,0.867447,False
268.839,7.31422,28.3579,1.85903,0.866814,False
914.829,5.9673,1.4354,0.514518,0.8647239999999999,False
268.691,6.7552,47.5374,1.86664,0.8640209999999999,False
738.795,7.40313,0.403918,0.693308,0.8639319999999999,False
257.983,6.98193,346.106,1.52804,0.8631530000000001,False
502.463,7.588430000000001,8.31695,0.9392299999999999,0.8631,False
409.86,7.12516,15.827,1.2937100000000001,0.8624120000000001,False
271.922,6.572539999999999,106.74600000000001,1.52576,0.8620950000000001,False
281.42400000000004,6.31259,132.887,1.5465,0.8613770000000001,False
370.24800000000005,7.2214,17.9242,1.39189,0.861002,False
248.49200000000002,7.27197,60.7066,1.6261,0.8603129999999999,False
667.9780000000001,7.45419,2.64248,0.770523,0.86013,False
774.528,7.157769999999999,0.36780799999999997,0.66695,0.858933,False
616.337,6.53061,9.17111,0.91481,0.8580909999999999,False
910.701,6.199269999999999,0.549153,0.522613,0.8580049999999999,False
270.893,6.66852,84.3231,1.4921,0.855632,False
629.034,7.436610000000001,4.228190000000001,0.814132,0.855628,False
316.0,5.5,100.0,1.51411,0.855333,False
257.285,7.27205,41.2485,1.9453599999999998,0.8546,True
316.0,5.5,1000.0,1.5430700000000002,0.854562,False
775.4730000000001,6.10191,5.80129,0.691782,0.8537950000000001,False
749.003,6.0888599999999995,6.88974,0.736891,0.853215,False
251.153,7.3474699999999995,160.085,1.51255,0.8530840000000001,False
970.91,5.98139,0.245538,0.469171,0.8520719999999999,False
464.17699999999996,6.22307,19.6708,1.41723,0.8515020000000001,False
704.4060000000001,7.73255,0.853477,0.718947,0.8508129999999999,False
665.194,7.363119999999999,3.4730199999999996,0.7848390000000001,0.8501620000000001,False
322.514,6.76253,27.8919,1.81142,0.8493850000000001,False
248.396,7.497960000000001,231.6,1.51186,0.8486020000000001,False
293.394,6.14794,224.128,1.53016,0.847786,False
246.80900000000003,7.57493,540.875,1.51054,0.846849,False
851.95,6.711530000000001,0.335568,0.59243,0.846057,False
914.852,6.022530000000001,1.9859799999999999,0.5325489999999999,0.845935,False
245.296,7.6513,283.358,1.5087700000000002,0.8450190000000001,False
812.557,5.90716,6.20792,0.683743,0.843649,False
263.39799999999997,7.07777,212.459,1.49322,0.8421780000000001,False
281.48400000000004,6.54277,85.3891,1.47445,0.841282,False
555.716,7.450810000000001,7.597919999999999,0.906798,0.8405799999999999,False
320.506,7.08715,24.8067,1.66105,0.8402120000000001,False
275.611,6.75955,169.326,1.4940200000000001,0.837883,False
1000.0,6.0,0.1,0.45923500000000006,0.834994,False
296.215,6.22998,444.337,1.5079799999999999,0.834667,False
948.908,6.27586,0.125117,0.506332,0.833569,False
342.626,6.0637,37.4337,1.9312099999999999,0.8333729999999999,False
532.465,6.83558,12.2539,1.06151,0.83335,False
734.807,7.0940199999999995,2.92205,0.729477,0.8333360000000001,False
293.093,6.33375,672.743,1.50325,0.832974,False
287.166,6.8810899999999995,40.3722,1.89788,0.832198,False
294.535,6.86924,36.1753,1.93166,0.831692,True
562.0,7.0,10.0,0.981526,0.831254,False
405.676,6.34565,24.5074,1.66135,0.8309989999999999,False
300.823,6.17333,70.2284,1.5606,0.8309549999999999,False
753.763,7.015689999999999,2.7624,0.710204,0.830475,False
770.319,6.35888,5.499630000000001,0.703226,0.829953,False
301.272,6.17973,280.811,1.4980200000000001,0.8279049999999999,False
959.414,5.95827,1.90566,0.511666,0.827306,False
262.756,7.29868,89.9709,1.44884,0.8270219999999999,False
310.813,6.00683,62.571999999999996,1.6266200000000002,0.8263020000000001,False
976.2610000000001,6.16145,0.321397,0.48860600000000004,0.825667,False
363.24800000000005,7.8653,16.0768,1.21581,0.825533,False
595.1519999999999,7.33745,7.19786,0.8817209999999999,0.825207,False
244.312,7.98353,603.985,1.47694,0.8236290000000001,False
750.2719999999999,7.51207,1.1748399999999999,0.696925,0.8234889999999999,False
655.566,7.690589999999999,3.59355,0.785931,0.822997,False
259.878,7.46391,878.825,1.46353,0.8227760000000001,False
496.606,7.39348,11.3446,1.01565,0.821304,False
783.716,7.41728,0.58794,0.6722319999999999,0.8212379999999999,False
687.788,6.485180000000001,8.28685,0.829355,0.8206969999999999,False
250.59400000000002,7.741910000000001,62.8265,1.53024,0.8197909999999999,False
480.889,7.07988,14.0608,1.15777,0.819262,False
967.44,6.28505,0.236445,0.502995,0.818596,False
315.83799999999997,7.55305,22.5295,1.53031,0.8183229999999999,False
423.10699999999997,7.502730000000001,14.98,1.20702,0.817172,False
734.115,7.95277,0.485054,0.686971,0.816689,False
1000.0,6.0,1.0,0.48061099999999995,0.816444,False
647.6469999999999,6.611389999999999,9.38669,0.890465,0.815789,False
265.371,7.37967,86.9872,1.42774,0.814823,False
296.44599999999997,6.4787099999999995,104.883,1.4540600000000001,0.8145680000000001,False
577.851,5.74226,19.2313,1.3482399999999999,0.813878,False
784.3,7.62283,0.16961500000000002,0.667379,0.8138770000000001,False
740.842,7.92869,0.50716,0.685074,0.8127939999999999,False
316.0,6.0,100.0,1.4542700000000002,0.812407,False
316.0,6.0,1000.0,1.4771299999999998,0.811839,False
337.58099999999996,5.58343,73.1387,1.5181799999999999,0.808473,False
830.845,7.14343,0.732159,0.63957,0.808431,False
774.508,7.3242199999999995,1.7535,0.693972,0.807729,False
926.758,6.037719999999999,3.46236,0.564534,0.805929,False
698.2239999999999,7.42283,3.8737699999999995,0.767897,0.805834,False
816.569,7.4253100000000005,0.21884800000000001,0.6503979999999999,0.805743,False
283.478,6.96335,240.095,1.43551,0.8045899999999999,False
809.857,7.440360000000001,0.5131600000000001,0.658346,0.801705,False
552.5369999999999,6.90596,12.4597,1.03862,0.8006939999999999,False
916.023,6.77837,0.149998,0.5657300000000001,0.800165,False
391.686,6.58853,25.5826,1.64188,0.799921,False
312.535,6.24949,100.45,1.43087,0.799554,False
308.507,6.35096,84.039,1.41343,0.799018,False
268.26599999999996,7.961880000000001,28.3319,1.7079,0.797035,False
315.60200000000003,6.20119,83.6651,1.41127,0.796933,False
289.796,6.89717,94.199,1.40393,0.795927,False
301.85400000000004,6.5949100000000005,180.90099999999998,1.43319,0.7939109999999999,False
899.0260000000001,6.97527,0.135326,0.58717,0.792338,False
836.176,7.4606699999999995,0.152831,0.64055,0.7904899999999999,False
796.23,7.78725,0.254786,0.661071,0.789111,False
269.301,7.63022,224.50599999999997,1.41131,0.789053,False
937.6389999999999,6.65988,0.608937,0.554619,0.788601,False
806.809,7.25621,1.84588,0.675017,0.788419,False
998.842,6.2638,1.02439,0.506058,0.786459,False
812.5169999999999,7.68332,0.24948800000000002,0.654283,0.786076,False
319.507,7.415830000000001,26.1479,1.6263100000000001,0.784397,False
958.1089999999999,5.811719999999999,5.10289,0.592525,0.7843899999999999,False
520.832,7.99136,8.94685,0.8838940000000001,0.784045,False
283.103,7.338239999999999,45.9313,1.71669,0.783995,False
263.96,7.89058,679.755,1.4054,0.783213,False
837.4119999999999,6.653630000000001,3.94985,0.659121,0.78183,False
353.78,5.51119,118.434,1.40585,0.7808689999999999,False
330.588,6.13548,59.2487,1.57374,0.780057,False
1000.0,6.5,0.1,0.5083300000000001,0.779266,False
500.56800000000004,7.650460000000001,11.7935,0.977301,0.777733,False
271.152,7.753369999999999,277.32599999999996,1.3921299999999999,0.77658,False
280.66700000000003,7.43082,79.9968,1.36513,0.7765310000000001,False
753.0039999999999,7.291519999999999,3.92591,0.742362,0.776488,False
348.46,5.70067,235.16299999999998,1.41805,0.774568,False
355.61800000000005,5.54809,523.503,1.40834,0.774215,False
316.0,6.5,100.0,1.38688,0.773671,False
562.0,7.5,10.0,0.9243520000000001,0.773659,False
316.0,6.5,1000.0,1.4052200000000001,0.773292,False
635.8480000000001,7.10601,9.16595,0.8963610000000001,0.7712479999999999,False
293.241,7.156510000000001,156.539,1.37696,0.770257,False
815.934,6.83592,4.254659999999999,0.684068,0.769967,False
917.806,6.9187,0.8934989999999999,0.5840989999999999,0.769053,False
545.72,7.841639999999999,9.25202,0.896093,0.768972,False
811.549,7.954219999999999,0.143963,0.647439,0.767796,False
442.478,6.40345,25.4252,1.60075,0.76742,False
523.702,7.75085,10.7067,0.9334100000000001,0.76703,False
473.73900000000003,6.24857,24.5104,1.56588,0.766666,False
288.66200000000003,7.355410000000001,262.274,1.36715,0.765872,False
842.615,7.65884,0.39910300000000004,0.6418659999999999,0.7635649999999999,False
303.882,7.35292,36.7761,1.7692400000000001,0.762467,True
1000.0,6.5,1.0,0.525781,0.760807,False
278.498,7.75825,640.248,1.36468,0.760678,False
790.26,7.91627,1.1716600000000001,0.673236,0.760066,False
538.105,7.3470699999999995,12.6647,1.0370700000000002,0.759703,False
319.538,6.9240699999999995,43.5738,1.70583,0.7590819999999999,False
412.87800000000004,6.04525,34.0935,1.75223,0.7572260000000001,True
862.727,7.41925,0.9545170000000001,0.638097,0.757197,False
418.30800000000005,7.12137,21.0942,1.34619,0.756372,False
522.111,7.84218,10.9022,0.9259379999999999,0.754587,False
289.757,7.52866,98.1702,1.3328200000000001,0.752644,False
334.705,6.32275,91.4009,1.3461100000000001,0.7522260000000001,False
535.567,7.333019999999999,13.2514,1.05319,0.7520680000000001,False
311.947,6.93273,54.5575,1.53301,0.7503890000000001,False
886.5210000000001,7.54935,0.16154100000000002,0.618731,0.749939,False
950.956,7.10887,0.129055,0.571984,0.748736,False
354.213,5.92261,83.5916,1.34287,0.748726,False
377.417,6.240880000000001,39.9561,1.73525,0.748412,True
298.83799999999997,7.32954,217.232,1.3376,0.7474350000000001,False
901.9069999999999,7.45697,0.193454,0.610436,0.747184,False
480.64599999999996,7.84192,13.5862,1.02146,0.742451,False
278.66900000000004,7.96395,50.825,1.52055,0.74146,False
889.515,6.622160000000001,4.62498,0.635976,0.7397819999999999,False
316.0,7.0,100.0,1.31606,0.73775,False
287.728,7.82981,131.60299999999998,1.32539,0.737534,False
316.0,7.0,1000.0,1.3308799999999998,0.737462,False
888.7710000000001,5.7292,10.5065,0.810855,0.7362,False
375.233,5.63614,89.7879,1.30742,0.73614,False
844.5219999999999,7.02826,4.0945,0.671063,0.736065,False
296.282,7.586469999999999,589.003,1.31851,0.736057,False
513.326,6.38368,22.6337,1.42759,0.735528,False
911.297,7.4802,0.404944,0.6094579999999999,0.734883,False
327.126,6.76047,517.336,1.3355299999999999,0.7346,False
888.7819999999999,7.77308,0.14310699999999998,0.6184029999999999,0.731665,False
1000.0,7.0,0.1,0.54505,0.7316159999999999,False
949.1560000000001,7.327489999999999,0.133624,0.583857,0.731298,False
289.177,7.897189999999999,752.1389999999999,1.3138100000000001,0.730513,False
341.06699999999995,6.500859999999999,77.214,1.32095,0.729705,False
885.252,7.77376,0.38251,0.622139,0.728107,False
383.01300000000003,5.60629,79.1442,1.3221,0.727851,False
300.471,7.56025,52.6499,1.48214,0.7276699999999999,False
292.45099999999996,7.88541,564.121,1.30444,0.725019,False
309.89,7.3928,422.87,1.29716,0.722852,False
562.0,8.0,10.0,0.872949,0.7227100000000001,False
337.315,6.681010000000001,83.2838,1.28827,0.7224520000000001,False
942.573,7.124639999999999,1.58431,0.593949,0.721731,False
894.067,7.78402,0.413472,0.6187779999999999,0.721337,False
319.256,7.13537,58.3079,1.42855,0.721216,False
892.3839999999999,7.867380000000001,0.29922,0.617973,0.718931,False
358.63199999999995,6.27085,70.1647,1.37542,0.7182029999999999,False
480.663,6.738169999999999,22.8711,1.38021,0.718156,False
348.718,6.50215,67.6816,1.37971,0.717208,False
971.545,7.19327,0.753537,0.574155,0.716893,False
319.947,7.232989999999999,344.55699999999996,1.28746,0.7154159999999999,False
937.336,6.11041,7.61499,0.685139,0.715047,False
296.742,7.851560000000001,61.3339,1.35496,0.714758,False
1000.0,5.5,10.0,0.7626890000000001,0.7145560000000001,False
300.172,7.83068,88.2126,1.26712,0.713859,False
1000.0,7.0,1.0,0.556683,0.713305,False
531.903,5.69614,30.1077,1.56374,0.712246,False
828.82,6.93606,6.32669,0.708245,0.711568,False
375.54400000000004,5.9636,934.2639999999999,1.31736,0.710916,False
330.881,7.02108,127.02,1.28836,0.710486,False
749.18,6.88161,9.43411,0.808088,0.710105,False
332.145,6.99564,469.853,1.2901799999999999,0.71001,False
818.081,6.35158,10.2538,0.805458,0.7088300000000001,False
369.39300000000003,7.834169999999999,22.9562,1.36768,0.707187,False
514.724,5.75283,31.5302,1.58962,0.706284,False
316.0,7.5,100.0,1.25504,0.705713,False
316.0,7.5,1000.0,1.2668700000000002,0.7054779999999999,False
941.7489999999999,7.50749,0.917149,0.60337,0.704232,False
731.5060000000001,7.12535,8.97816,0.814462,0.704021,False
643.253,6.0535,20.292,1.26142,0.703907,False
918.7719999999999,7.8196699999999995,0.438482,0.608881,0.703865,False
340.412,6.8908,80.6159,1.2603799999999998,0.703512,False
895.924,6.16472,9.278030000000001,0.752037,0.702333,False
869.633,5.55437,14.7431,0.972435,0.702241,False
384.846,5.9051599999999995,584.842,1.2998100000000001,0.701237,False
918.248,7.959789999999999,0.137042,0.604214,0.701082,False
306.437,7.864389999999999,281.39599999999996,1.26264,0.701055,False
587.455,7.75623,11.3328,0.8994979999999999,0.69996,False
333.471,7.1239,566.408,1.26801,0.699567,False
964.5260000000001,7.61258,0.195353,0.587018,0.699382,False
401.9,6.786860000000001,33.1333,1.63405,0.697627,True
928.028,7.99908,0.123557,0.599498,0.6932050000000001,False
421.151,5.59893,56.6103,1.47403,0.693005,False
954.077,7.7835600000000005,0.23408800000000002,0.593183,0.691649,False
1000.0,7.5,0.1,0.56875,0.691271,False
805.88,7.4359399999999996,5.6858699999999995,0.72796,0.690891,False
431.619,5.674580000000001,50.0427,1.55586,0.688365,False
539.899,7.5754,15.2034,1.05992,0.687584,False
565.802,7.3512,15.3541,1.04977,0.68619,False
661.17,7.777939999999999,9.21135,0.8318190000000001,0.684347,False
916.0,7.27871,3.56999,0.636139,0.683427,False
891.8860000000001,7.93875,1.7561400000000003,0.6323810000000001,0.680978,False
324.061,7.69688,607.001,1.22496,0.680453,False
357.209,6.87918,74.5184,1.2426,0.679419,False
364.779,6.69774,291.742,1.24956,0.6788109999999999,False
919.841,6.1710400000000005,9.916830000000001,0.7549710000000001,0.678579,False
770.576,7.58961,6.813860000000001,0.76256,0.677647,False
844.298,6.617139999999999,9.66204,0.7650859999999999,0.6775180000000001,False
316.0,8.0,100.0,1.2131,0.677176,False
316.0,8.0,1000.0,1.2226700000000001,0.676991,False
395.87,6.84863,38.2338,1.58149,0.67488,True
1000.0,7.5,1.0,0.579062,0.672866,False
864.813,7.09202,6.53981,0.693022,0.67272,False
371.06699999999995,6.65838,323.686,1.2397,0.672214,False
935.935,7.57856,2.75655,0.6336430000000001,0.664568,False
429.11400000000003,5.6569400000000005,71.8402,1.28263,0.6644939999999999,False
345.99,7.38013,77.4326,1.18915,0.66435,False
347.30300000000005,7.4143,726.1060000000001,1.19636,0.660848,False
388.519,7.85585,25.1743,1.35874,0.6597189999999999,False
403.07800000000003,6.17316,291.138,1.23076,0.658508,False
978.3589999999999,7.596480000000001,1.9424,0.603683,0.657853,False
1000.0,6.0,10.0,0.732167,0.657118,False
958.5319999999999,7.391830000000001,3.3338,0.617872,0.656903,False
1000.0,8.0,0.1,0.573195,0.656428,False
732.209,7.6023,9.12295,0.801936,0.656192,False
671.4830000000001,6.1546199999999995,21.7378,1.24787,0.654565,False
373.858,6.894830000000001,164.003,1.2047700000000001,0.654155,False
350.38300000000004,7.556960000000001,574.626,1.17316,0.648296,False
346.228,7.6714199999999995,196.554,1.17113,0.647894,False
342.95,7.79012,92.7279,1.1521299999999999,0.6461979999999999,False
424.875,5.9486099999999995,195.46099999999998,1.2037799999999999,0.645203,False
389.36800000000005,6.714919999999999,112.679,1.1841700000000002,0.644265,False
378.527,6.98269,71.9932,1.2022899999999999,0.64357,False
827.827,5.8349,18.3289,1.06951,0.6430100000000001,False
343.195,7.84512,334.184,1.1615,0.642984,False
522.439,6.30595,31.1216,1.49265,0.6429729999999999,True
996.742,7.17275,4.095330000000001,0.600454,0.642796,False
884.773,7.8507,4.16978,0.670667,0.642597,False
342.399,7.8774,53.3286,1.30207,0.6406970000000001,False
361.374,7.44313,648.712,1.16127,0.639206,False
1000.0,8.0,1.0,0.5832729999999999,0.6378060000000001,False
946.285,6.75568,8.23071,0.678251,0.63642,False
446.267,5.83177,64.8544,1.28541,0.63632,False
432.523,5.94603,173.083,1.188,0.6362180000000001,False
532.951,7.078989999999999,22.9284,1.24111,0.635153,False
447.099,5.68089,572.021,1.17602,0.635066,False
369.784,7.33328,812.5189999999999,1.15915,0.6340720000000001,False
456.106,5.526730000000001,876.737,1.16303,0.634025,False
850.332,5.50968,20.9964,1.1212,0.632674,False
388.13800000000003,7.00135,58.5768,1.28508,0.631337,False
418.57099999999997,6.3065,455.88,1.18412,0.630992,False
390.983,7.000889999999999,56.6382,1.29522,0.6286510000000001,False
421.355,6.32523,92.9576,1.15107,0.627041,False
817.4,7.88415,6.826410000000001,0.7247100000000001,0.62658,False
964.694,6.14939,12.1517,0.802103,0.625488,False
355.95300000000003,7.894,120.219,1.12531,0.622599,False
360.01800000000003,7.7961100000000005,114.087,1.12386,0.622167,False
367.651,7.60416,69.3609,1.15134,0.621787,False
600.371,5.95898,30.8298,1.41314,0.621498,False
401.589,6.84497,727.923,1.1528200000000002,0.6211479999999999,False
432.11300000000006,6.22596,83.0336,1.13665,0.621071,False
456.517,5.73886,693.127,1.1540700000000002,0.620973,False
409.57,6.68544,977.3430000000001,1.15487,0.6204430000000001,False
389.60900000000004,7.14005,544.6469999999999,1.1423,0.619685,False
363.82599999999996,7.75715,743.453,1.1228799999999999,0.619009,False
465.60400000000004,6.17887,47.258,1.43557,0.6180869999999999,True
660.8739999999999,7.17422,16.7167,0.978218,0.617516,False
988.315,5.6536,15.9617,0.924549,0.616549,False
1000.0,6.5,10.0,0.713072,0.6078680000000001,False
483.436,5.814080000000001,56.8452,1.3108899999999999,0.6070979999999999,False
938.198,5.5297,19.6508,1.0365,0.605401,False
942.875,6.5821,11.3337,0.763428,0.60522,False
426.884,6.5993699999999995,131.501,1.1322299999999998,0.605035,False
479.501,5.79671,65.1109,1.22231,0.603791,False
484.49199999999996,5.53602,522.9119999999999,1.10694,0.602953,False
565.003,6.78753,26.8239,1.3400299999999998,0.602888,False
724.3660000000001,5.80973,26.6816,1.2634299999999998,0.60135,False
624.904,7.024380000000001,21.173000000000002,1.12495,0.598705,False
933.044,7.95253,4.95409,0.657913,0.597739,False
377.528,7.851839999999999,408.782,1.08512,0.596739,False
561.143,6.09727,36.0266,1.43202,0.596689,True
756.336,7.0399,15.2924,0.895524,0.59649,False
452.246,7.1383,37.2001,1.4091799999999999,0.596063,True
379.106,7.83086,90.3218,1.06784,0.5956859999999999,False
463.88300000000004,6.0769400000000005,340.086,1.1181,0.593924,False
688.1519999999999,7.11448,17.9735,0.993297,0.591125,False
392.32099999999997,7.63116,117.53,1.07521,0.59037,False
420.73199999999997,7.04427,835.373,1.09471,0.588394,False
397.119,7.61401,114.36200000000001,1.06789,0.585775,False
997.11,7.8368,4.5128,0.6257739999999999,0.585504,False
479.275,6.0094,83.4019,1.07114,0.583575,False
394.36199999999997,7.71823,692.2230000000001,1.06417,0.583519,False
965.5310000000001,5.96508,16.9056,0.941644,0.583158,False
408.61,7.4084,431.25,1.0768799999999998,0.583141,False
485.12300000000005,5.89576,112.193,1.07988,0.583009,False
566.674,5.7881800000000005,42.2984,1.3848799999999999,0.58277,True
818.159,6.574889999999999,17.4492,0.967457,0.582058,False
403.839,7.562589999999999,71.5123,1.0764799999999999,0.580756,False
417.736,7.35358,461.18800000000005,1.06647,0.5760069999999999,False
412.45300000000003,7.466889999999999,135.234,1.0634299999999999,0.575984,False
426.49199999999996,7.1823,180.43,1.06999,0.57527,False
957.425,7.8972,5.91528,0.654213,0.574783,False
491.94,5.95671,601.561,1.07734,0.572605,False
615.251,7.4027899999999995,20.7699,1.05251,0.572429,False
483.477,6.12852,293.274,1.08028,0.5716680000000001,False
490.501,6.23827,57.0775,1.2291,0.57165,False
517.665,5.58298,79.0665,1.0516,0.571507,False
417.07800000000003,7.52965,72.792,1.05188,0.5682159999999999,False
712.279,6.97611,20.111,1.04683,0.566265,False
429.353,7.30612,67.0601,1.09523,0.566207,False
528.811,7.38852,27.5988,1.2732299999999999,0.566172,False
1000.0,7.0,10.0,0.687001,0.56615,False
483.209,6.25443,406.55800000000005,1.07162,0.565168,False
622.95,7.76737,18.3642,0.981377,0.564747,False
476.159,6.39465,780.329,1.07145,0.564563,False
485.056,6.61804,50.7405,1.26464,0.561241,False
422.98800000000006,7.8058,44.6693,1.2522,0.560084,False
590.0830000000001,7.213030000000001,25.5728,1.21793,0.55907,False
461.764,6.827710000000001,72.4025,1.07125,0.558851,False
465.58,6.8127,572.383,1.0448600000000001,0.553914,False
427.216,7.69445,124.771,1.01249,0.549723,False
676.7230000000001,7.22003,21.4677,1.05418,0.548585,False
599.003,7.0476399999999995,27.8375,1.25371,0.548563,False
450.926,7.2320199999999994,609.466,1.02441,0.548179,False
882.7669999999999,7.497330000000001,11.8972,0.745135,0.54718,False
471.046,6.866810000000001,107.054,1.01995,0.546667,False
533.4830000000001,6.75995,40.2207,1.2992,0.545868,True
514.6469999999999,6.1479,964.324,1.0292,0.542442,False
799.7180000000001,7.817880000000001,13.1306,0.791579,0.541618,False
729.945,7.7496100000000006,16.0938,0.8781329999999999,0.539261,False
529.5409999999999,5.96163,483.59,1.01663,0.5388539999999999,False
734.944,7.866969999999999,15.2925,0.857361,0.538814,False
443.44300000000004,7.63771,166.89700000000002,0.995346,0.5365260000000001,False
562.0,5.5,100.0,0.9556040000000001,0.5362140000000001,False
562.0,5.5,1000.0,0.979517,0.535431,False
966.57,7.209739999999999,12.3116,0.728107,0.530166,False
612.058,6.8879,31.0629,1.25639,0.529619,False
621.278,6.00366,42.3196,1.27006,0.528803,True
569.066,5.53986,226.954,0.9686680000000001,0.527937,False
1000.0,7.5,10.0,0.66333,0.527597,False
599.121,7.774780000000001,23.0124,1.04509,0.526608,False
465.56199999999995,7.485239999999999,373.14099999999996,0.9768979999999999,0.5232289999999999,False
510.14300000000003,6.65384,399.916,0.9971180000000001,0.521783,False
475.94599999999997,7.31135,186.21,0.978824,0.521675,False
467.01800000000003,7.57224,128.81799999999998,0.965643,0.518183,False
542.9259999999999,6.36477,61.5502,1.08742,0.5181180000000001,False
520.13,6.58097,108.95700000000001,0.9784209999999999,0.517574,False
563.383,6.172000000000001,57.2197,1.12971,0.5171720000000001,False
478.981,7.36255,407.087,0.9695790000000001,0.516846,False
545.661,7.14505,39.4064,1.22543,0.514955,True
458.093,7.857,105.26700000000001,0.9436709999999999,0.5138149999999999,False
574.5219999999999,5.75994,884.867,0.9572930000000001,0.513158,False
562.0,6.0,100.0,0.946923,0.512119,False
562.0,6.0,1000.0,0.9673930000000001,0.511415,False
796.3330000000001,5.9175699999999996,31.4239,1.1843299999999999,0.511336,True
478.04699999999997,7.515439999999999,705.868,0.956263,0.5111140000000001,False
482.63199999999995,7.92565,41.0315,1.17492,0.509422,False
525.745,6.71888,72.7997,0.9952719999999999,0.509224,False
569.649,5.9307,242.91299999999998,0.959634,0.5089,False
888.98,6.67899,20.7919,0.9847319999999999,0.50813,False
501.5,7.1420699999999995,91.4741,0.9400120000000001,0.507732,False
640.23,5.67753,51.2463,1.16889,0.50765,False
687.393,7.04505,27.3199,1.15866,0.506131,False
594.994,5.62182,117.09,0.92069,0.505464,False
506.254,7.108860000000001,464.735,0.9563219999999999,0.505154,False
588.064,5.7691,838.5110000000001,0.9385600000000001,0.502935,False
517.994,6.99032,157.681,0.953624,0.500798,False
600.877,5.64203,110.32,0.9087290000000001,0.5006510000000001,False
510.67699999999996,7.19877,75.5925,0.9359959999999999,0.499175,False
979.952,6.974019999999999,16.1764,0.809388,0.49795,False
794.336,7.57953,18.3981,0.8706229999999999,0.496885,False
991.868,7.9055100000000005,10.5447,0.655197,0.494788,False
646.0269999999999,6.04632,46.5292,1.18214,0.494742,True
1000.0,8.0,10.0,0.645763,0.492617,False
623.4069999999999,5.52356,219.372,0.898077,0.49000900000000003,False
563.988,6.45277,444.245,0.940889,0.48983699999999997,False
562.0,6.5,100.0,0.923657,0.4898,False
585.279,6.76272,46.1016,1.15774,0.489245,True
562.0,6.5,1000.0,0.940579,0.48916099999999996,False
492.995,7.7688,489.73699999999997,0.9131799999999999,0.48844099999999996,False
661.257,5.7014,53.8501,1.10295,0.487545,False
575.388,6.37082,869.1489999999999,0.932117,0.485454,False
567.101,6.50845,216.56,0.9336459999999999,0.48521899999999996,False
632.373,5.51703,120.95299999999999,0.878333,0.484944,False
848.2289999999999,7.286910000000001,19.7776,0.9074629999999999,0.48467200000000005,False
529.944,7.31233,228.606,0.907801,0.478761,False
977.8910000000001,7.2033,16.6245,0.794485,0.476912,False
918.711,5.80463,31.0197,1.0858700000000001,0.473625,False
606.3340000000001,6.8350100000000005,45.8449,1.12294,0.47316899999999995,True
606.971,6.19235,260.818,0.901784,0.471868,False
594.62,6.39524,831.8439999999999,0.9074399999999999,0.47152,False
506.06199999999995,7.970610000000001,192.972,0.878835,0.470631,False
534.678,7.4492899999999995,122.35799999999999,0.888181,0.47016199999999997,False
561.872,7.039569999999999,73.3213,0.910416,0.46914399999999995,False
562.0,7.0,100.0,0.886704,0.46902299999999997,False
562.0,7.0,1000.0,0.900324,0.46851899999999996,False
599.781,7.93633,30.2034,1.10343,0.46704399999999996,True
542.814,7.38732,353.756,0.8862549999999999,0.466746,False
615.221,6.27142,123.59700000000001,0.884166,0.46369399999999994,False
633.883,6.0372900000000005,91.2135,0.849524,0.46235600000000004,False
544.383,7.513089999999999,66.7423,0.9108850000000001,0.46196099999999996,False
566.832,7.096419999999999,169.447,0.88613,0.461563,False
627.896,6.17349,136.69299999999998,0.876482,0.459708,False
657.205,5.78776,99.684,0.8334010000000001,0.458516,False
610.181,6.47612,623.312,0.88495,0.458404,False
539.16,7.71125,157.221,0.862858,0.45717399999999997,False
567.739,7.221089999999999,265.587,0.874408,0.456295,False
655.106,5.85824,184.896,0.855442,0.456133,False
620.386,6.38065,339.649,0.8786299999999999,0.45586499999999996,False
648.4119999999999,5.98405,361.36300000000006,0.8608469999999999,0.45490200000000003,False
569.619,7.27871,191.66299999999998,0.8668399999999999,0.45299300000000003,False
567.433,7.319210000000001,189.30599999999998,0.865297,0.452937,False
645.289,6.11837,91.0978,0.8350799999999999,0.45237,False
677.4,5.6401,202.128,0.835465,0.452246,False
631.193,6.3133300000000006,312.27099999999996,0.868841,0.452082,False
577.5980000000001,7.33432,58.2341,0.945701,0.450215,False
635.507,6.297999999999999,554.6,0.864613,0.45014899999999997,False
562.0,7.5,100.0,0.8441780000000001,0.450137,False
562.0,7.5,1000.0,0.8555389999999999,0.44975600000000004,False
688.551,5.564430000000001,576.632,0.824569,0.448992,False
664.7139999999999,5.92543,149.336,0.843664,0.447954,False
664.2760000000001,5.95253,172.30599999999998,0.8440139999999999,0.447104,False
650.212,6.30746,70.9967,0.900474,0.44662700000000005,False
558.231,7.71432,102.244,0.832191,0.444903,False
990.437,7.66776,16.3165,0.735744,0.44431400000000004,False
585.039,7.290489999999999,430.105,0.850248,0.442845,False
703.17,5.83689,66.1519,0.90133,0.441171,False
987.57,6.07041,30.0902,1.00873,0.43846599999999997,False
844.273,7.456519999999999,24.5437,0.952349,0.43467799999999995,False
799.322,7.3719399999999995,27.6929,1.00863,0.43363999999999997,False
562.0,8.0,100.0,0.805188,0.432507,False
562.0,8.0,1000.0,0.814657,0.43221400000000004,False
631.63,6.9124300000000005,80.493,0.8179270000000001,0.43074399999999996,False
703.08,7.24702,37.5745,1.04684,0.42949899999999996,True
593.744,7.55673,130.984,0.817867,0.428414,False
624.962,7.0810699999999995,126.943,0.826559,0.42701400000000006,False
689.842,6.17049,86.6432,0.789751,0.426122,False
651.366,6.76847,103.38600000000001,0.812048,0.424255,False
678.4119999999999,6.37823,935.041,0.816803,0.42353900000000005,False
644.313,7.013539999999999,73.4952,0.8302299999999999,0.421259,False
593.602,7.78959,303.934,0.800099,0.42067,False
646.814,6.987830000000001,102.544,0.802168,0.41880600000000007,False
718.074,5.96813,471.746,0.789192,0.418364,False
586.136,7.997000000000001,91.9701,0.7783399999999999,0.418199,False
635.643,7.17183,384.449,0.811485,0.417925,False
607.658,7.64342,89.8223,0.782307,0.41773999999999994,False
861.98,7.845160000000001,22.7159,0.864452,0.417505,False
650.422,7.069,90.2182,0.785361,0.414088,False
648.56,7.089589999999999,208.505,0.8056270000000001,0.413846,False
672.944,7.15715,50.2953,0.9555239999999999,0.41307299999999997,False
721.424,6.07768,405.58099999999996,0.784644,0.412786,False
690.048,6.84082,62.1018,0.86771,0.408462,False
620.7869999999999,7.70675,579.985,0.781887,0.408326,False
718.7289999999999,6.73929,52.2554,0.9442309999999999,0.407981,False
699.383,6.58605,785.7810000000001,0.7889470000000001,0.40576100000000004,False
655.382,7.305810000000001,520.286,0.783615,0.403254,False
644.5790000000001,7.479430000000001,630.323,0.779551,0.403194,False
695.1360000000001,6.77405,135.336,0.782824,0.401511,False
748.7439999999999,6.0491,644.2230000000001,0.760187,0.401108,False
627.533,7.8280899999999995,124.89299999999999,0.76489,0.401081,False
800.709,5.89066,60.4472,0.86087,0.400047,False
683.347,7.079680000000001,93.4532,0.758587,0.397333,False
658.799,7.524789999999999,369.759,0.764157,0.394676,False
643.39,7.82118,659.0269999999999,0.7538060000000001,0.393162,False
801.946,7.272589999999999,36.6187,0.9689559999999999,0.392775,True
783.9810000000001,5.85189,150.484,0.7337,0.392438,False
749.4019999999999,6.30029,152.629,0.754839,0.392331,False
695.192,7.0945,561.055,0.764717,0.39078,False
646.107,7.89737,665.7919999999999,0.74548,0.38955300000000004,False
661.784,7.65787,571.379,0.75117,0.389209,False
780.554,6.44729,56.4852,0.8780690000000001,0.389036,False
661.6260000000001,7.71594,583.155,0.746988,0.387519,False
762.7330000000001,6.32196,489.13699999999994,0.743133,0.385863,False
686.3,7.395239999999999,864.693,0.751596,0.385577,False
723.905,6.860180000000001,703.9939999999999,0.755128,0.385424,False
660.943,7.86223,226.02900000000002,0.7366229999999999,0.383454,False
831.35,5.6536800000000005,79.361,0.713214,0.38291,False
996.216,6.98308,29.6159,0.913394,0.382233,True
876.794,5.9817,53.1179,0.8793709999999999,0.379264,False
790.336,6.18007,271.973,0.723776,0.379013,False
834.436,5.72731,361.44800000000004,0.6969270000000001,0.375985,False
854.37,5.5029,325.17,0.6901229999999999,0.375555,False
796.5310000000001,6.23768,320.181,0.717966,0.374709,False
798.205,6.243469999999999,130.423,0.713696,0.37404,False
752.82,6.845260000000001,477.2,0.7329140000000001,0.373577,False
930.215,7.4021,30.2931,0.901669,0.37344299999999997,True
722.953,7.27584,114.369,0.725605,0.373195,False
690.27,7.97105,115.223,0.703222,0.36728,False
763.664,6.91695,158.158,0.721258,0.36699899999999996,False
982.313,7.2858,30.4972,0.8838590000000001,0.36440700000000004,False
804.92,6.48097,294.211,0.705919,0.364046,False
810.789,6.40935,750.174,0.7035779999999999,0.363906,False
930.115,7.44716,31.7156,0.891342,0.363898,True
751.778,7.253710000000001,170.96599999999998,0.711339,0.36170599999999997,False
868.319,6.05175,73.9461,0.711683,0.358711,False
710.3839999999999,7.98422,84.5856,0.675161,0.35851500000000003,False
771.88,7.14372,280.534,0.703567,0.357061,False
877.19,5.8597,444.385,0.6647390000000001,0.356271,False
838.955,6.35575,968.128,0.684443,0.355162,False
915.3760000000001,5.57488,285.098,0.649378,0.351763,False
814.04,6.81505,99.9524,0.674708,0.351524,False
809.7510000000001,6.882789999999999,121.976,0.685004,0.350792,False
820.279,6.89213,70.4142,0.718851,0.350596,False
811.543,6.87525,302.776,0.687826,0.350136,False
919.0169999999999,5.66069,96.7289,0.624319,0.348957,False
908.2410000000001,5.77741,105.50299999999999,0.6330560000000001,0.348908,False
790.8810000000001,7.54205,55.2275,0.763127,0.345896,False
909.814,6.38938,58.0795,0.771466,0.344565,False
787.247,7.422739999999999,136.822,0.676945,0.343627,False
830.2510000000001,6.89377,126.164,0.671748,0.343196,False
851.3960000000001,6.835189999999999,71.7052,0.695635,0.341409,False
837.7310000000001,6.89818,500.065,0.669176,0.340345,False
914.615,5.98364,178.533,0.639343,0.34024,False
911.177,6.07485,93.5628,0.6214069999999999,0.339696,False
864.4630000000001,6.602860000000001,125.35600000000001,0.657591,0.339648,False
775.625,7.756489999999999,162.17700000000002,0.664335,0.339125,False
810.0189999999999,7.38082,178.967,0.66508,0.336644,False
772.039,7.96328,74.2625,0.651165,0.336495,False
787.677,7.8455,135.738,0.650859,0.332646,False
852.816,7.39906,54.5267,0.745447,0.330916,False
860.427,7.03448,355.031,0.64989,0.329198,False
1000.0,5.5,100.0,0.584437,0.328876,False
1000.0,5.5,1000.0,0.60328,0.32800300000000004,False
955.63,6.41204,61.0298,0.715517,0.327948,False
803.703,7.899030000000001,102.137,0.629894,0.326235,False
813.706,7.847289999999999,379.384,0.635879,0.32374200000000003,False
943.7239999999999,7.16246,46.8717,0.788733,0.323721,False
893.002,6.90607,85.6492,0.616175,0.323349,False
989.584,7.560460000000001,38.3816,0.799673,0.320922,True
992.09,5.86994,143.453,0.597615,0.320304,False
920.0210000000001,6.696610000000001,624.016,0.624676,0.319637,False
834.123,7.821910000000001,899.4680000000001,0.625811,0.317757,False
956.535,6.42123,336.44,0.6092270000000001,0.31609699999999996,False
1000.0,6.0,100.0,0.575391,0.31540300000000004,False
1000.0,6.0,1000.0,0.591308,0.314689,False
974.596,6.28165,245.967,0.6010939999999999,0.314641,False
870.73,7.509760000000001,86.3978,0.604168,0.314548,False
973.8969999999999,6.30701,502.04,0.601101,0.314188,False
986.6139999999999,6.19301,174.278,0.595569,0.313529,False
994.543,7.64642,39.7977,0.7739689999999999,0.31261,True
972.834,6.51391,712.88,0.598882,0.30927,False
923.1110000000001,7.13541,330.61,0.609559,0.3079,False
901.752,7.3961,770.579,0.6113270000000001,0.307537,False
949.003,6.9038699999999995,498.81800000000004,0.602874,0.306334,False
990.378,6.59456,93.9002,0.571954,0.303309,False
998.0830000000001,6.48653,159.401,0.585906,0.30325799999999997,False
1000.0,6.5,100.0,0.571005,0.303023,False
936.658,7.230589999999999,90.0353,0.582368,0.30249699999999996,False
1000.0,6.5,1000.0,0.584737,0.302439,False
873.935,7.968710000000001,485.45,0.59626,0.30238200000000004,False
974.87,6.79865,148.89,0.591863,0.30190700000000004,False
908.324,7.67813,456.533,0.594901,0.299127,False
985.387,7.71673,44.9671,0.724671,0.298931,True
888.4680000000001,7.96155,145.7,0.589386,0.298412,True
915.225,7.80198,104.06299999999999,0.5764699999999999,0.29496999999999995,False
949.2289999999999,7.47945,717.507,0.583411,0.292719,True
937.89,7.644010000000001,165.17,0.581457,0.29194699999999996,True
958.823,7.42795,133.955,0.580263,0.29149200000000003,True
1000.0,7.0,100.0,0.562117,0.291429,False
1000.0,7.0,1000.0,0.574013,0.290869,True
948.665,7.7620000000000005,146.31799999999998,0.571275,0.286641,True
969.052,7.706860000000001,527.313,0.5639890000000001,0.282711,True
999.6489999999999,7.409330000000001,307.785,0.5621,0.281854,True
962.153,7.895919999999999,91.8127,0.545238,0.280978,False
1000.0,7.5,100.0,0.548819,0.280267,False
967.118,7.85175,241.271,0.558392,0.280196,False
1000.0,7.5,1000.0,0.558994,0.27976100000000004,True
1000.0,8.0,100.0,0.528143,0.269977,False
1000.0,8.0,1000.0,0.536867,0.269538,True
